player,catch,run_out,stumping,total_fielding
A Ahmadhel,1,0,0,1
A Alexander,2,2,0,4
A Amado,2,0,0,2
A Andrews,4,0,0,4
A Aravinddaraj,1,0,0,1
A Ashish Reddy,11,3,0,14
A Ashokan,10,3,0,13
A Athanaze,9,0,0,9
A Badoni,24,1,0,25
A Bagai,3,1,3,7
A Balbirnie,34,3,0,37
A Bhadauria,1,0,0,1
A Bhagwat,2,0,0,2
A Bharwad,1,0,0,1
A Bishnoi,1,1,0,2
A Bohara,10,2,0,12
A Bramble,10,0,1,11
A Bushell,3,1,1,5
A Busing-Volschenk,2,0,0,2
A Chandila,2,0,0,2
A Chaubey,1,1,0,2
A Chopra,2,1,0,3
A Choudhary,4,1,0,5
A Conteh,2,0,0,2
A Dananjaya,8,0,0,8
A Davidson Soler,4,2,5,11
A Desai,3,0,0,3
A Dhabe,1,0,0,1
A Dhingra,1,2,0,3
A Dizija,5,0,0,5
A Djorovic,2,1,0,3
A Dutt,2,1,0,3
A Ferguson,5,2,0,7
A Flintoff,10,0,0,10
A G Pradeep,1,0,0,1
A Gbla,4,2,0,6
A Gorawara,3,0,0,3
A Govorko,4,0,0,4
A Gulati,1,1,0,2
A Halbhavi,3,1,0,4
A Harris,9,1,0,10
A Husain,2,0,0,2
A Ilaoa,7,2,1,10
A Johnmary,1,0,0,1
A Johnson,11,1,0,12
A Kadowaki Fleming,1,0,0,1
A Kainessie,2,0,0,2
A Kalasi,3,0,0,3
A Kamboj,6,0,0,6
A Kansonkho,2,1,0,3
A Kapoor,1,0,0,1
A Kaul,2,0,0,2
A Khan,0,1,0,1
A Kheterpal,3,2,0,5
A Kirschbaum,9,1,0,10
A Kumble,9,0,0,9
A Kuthalingham,0,1,0,1
A Langham,0,1,0,1
A Limdawala,4,1,0,5
A Lyth,6,0,0,6
A Maheshwari,4,0,0,4
A Manepalli,7,5,0,12
A Manohar,19,2,0,21
A Manousis,0,2,2,4
A Mansale,15,1,0,16
A Martel,3,0,0,3
A Martin,3,0,0,3
A McAuley,3,1,0,4
A McKnight,1,1,0,2
A Mehmood,1,0,0,1
A Mene-Ejegi,4,3,0,7
A Mhatre,4,0,0,4
A Mishra,24,10,0,34
A Mithun,13,1,0,14
A Modi,2,0,0,2
A Mongar,0,1,0,1
A Morris,2,0,0,2
A Mukund,6,2,0,8
A Mundra,7,5,2,14
A Mustafa,3,1,0,4
A Mutreja,6,1,0,7
A Nagarajan,2,1,0,3
A Nagwaswalla,4,2,0,6
A Nanda,9,2,0,11
A Nao,3,3,0,6
A Nathwani,1,0,0,1
A Natubhai Ahir,11,4,5,20
A Ndlovu,1,0,0,1
A Nehra,20,6,0,26
A Neill,3,0,0,3
A Nel,1,0,0,1
A Nimaga,1,0,0,1
A Nortje,26,13,0,39
A Osei,1,0,1,2
A Otwani,4,0,0,4
A Oxley,2,0,0,2
A Parima,9,1,0,10
A Patmore,8,7,7,22
A Paul,11,1,0,12
A Phillip,3,0,0,3
A Poulose,2,0,0,2
A Prashar,2,0,0,2
A Prateek Reddy,1,0,1,2
A Pratyush Kumar,4,1,0,5
A Pusthay,4,1,0,5
A Raghuvanshi,6,0,0,6
A Rajshekara,1,0,0,1
A Randhawa,4,0,0,4
A Rangaswamy,1,0,0,1
A Raza,22,7,2,31
A Reyes,6,2,0,8
A Sarma,1,0,0,1
A Saud,2,0,2,4
A Shahi,5,0,0,5
A Shahzad,1,0,0,1
A Sharafu,20,0,0,20
A Sharma,5,2,2,9
A Sheth,11,2,0,13
A Shreshta,17,5,1,23
A Shukla,5,0,0,5
A Simelane,4,0,0,4
A Singh,1,0,0,1
A Singhania,3,0,0,3
A Sokovagone,3,1,0,4
A Symonds,23,3,0,26
A Tomar,4,0,0,4
A Tripathi,1,0,0,1
A Turay,3,1,0,4
A Turkmen,4,1,0,5
A Vala,27,4,0,31
A Venkatesh,9,1,0,10
A Wright,5,0,0,5
A Zampa,32,2,0,34
AA Bamal,2,0,0,2
AA Barot,2,0,0,2
AA Bilakhia,1,0,0,1
AA Chakraborty,0,1,0,1
AA Chavan,3,0,0,3
AA Choudhury,2,0,0,2
AA Gajic,5,1,0,6
AA Herwadkar,11,2,0,13
AA Hussein,2,0,0,2
AA Jangoo,12,0,2,14
AA Jhunjhunwala,10,4,0,14
AA Kargave,1,0,0,1
AA Kazi,2,0,0,2
AA Navicha,4,0,0,4
AA Obanda,5,3,0,8
AA Onikoyi,8,1,0,9
AA Rahayu,8,1,0,9
AA Sarwate,1,0,0,1
AAA Patel,2,0,0,2
AAP Atkinson,1,0,0,1
AAP Rivero,9,4,0,13
AAhan Achar,1,1,0,2
AB Agarkar,4,3,0,7
AB Barath,2,0,0,2
AB Bhadoriya,1,0,0,1
AB Dinda,14,6,0,20
AB Fudadin,3,0,0,3
AB Kamara,3,0,0,3
AB McDonald,1,0,0,1
AB de Villiers,194,32,16,242
AC Agar,78,4,0,82
AC Blizzard,9,2,0,11
AC Botha,5,0,0,5
AC Douglas,11,0,0,11
AC Evans,8,2,0,10
AC Gilchrist,68,22,16,106
AC McDermott,5,0,0,5
AC Thomas,12,2,0,14
AC Voges,31,4,0,35
ACF Stokes,4,2,0,6
AD Algar,2,0,0,2
AD Chopra,1,0,0,1
AD Dore,2,0,0,2
AD Hales,112,2,0,114
AD Mascarenhas,12,1,0,13
AD Mathews,49,13,0,62
AD Nath,19,0,1,20
AD Russell,119,15,0,134
ADL Stokoe,1,0,0,1
ADS Fletcher,97,12,18,127
AE Isesele,4,2,0,6
AE Paraam,3,2,0,5
AF Buurman,0,1,0,1
AF Ifill,5,0,0,5
AF Milne,25,7,0,32
AG Cremer,6,1,0,7
AG Harriott,2,1,0,3
AG Murtaza,3,1,0,4
AG Paunikar,7,1,3,11
AG Prince,0,1,0,1
AG Weligamage,4,1,0,5
AGS Gous,10,4,1,15
AH Hooda,3,0,0,3
AH Passi,1,0,0,1
AI Ross,47,3,0,50
AJ Ayannaike,8,0,1,9
AJ Crosthwaite,3,4,3,10
AJ Doolan,16,0,0,16
AJ Finch,121,12,0,133
AJ Hose,16,0,0,16
AJ Hosein,34,0,0,34
AJ Jabiri,7,0,0,7
AJ Michael,0,2,0,2
AJ Mosca,8,2,0,10
AJ Nair,8,0,0,8
AJ Parmar,5,0,0,5
AJ Redmond,2,0,0,2
AJ Strauss,1,0,0,1
AJ Turner,53,3,0,56
AJ Tye,52,13,0,65
AJA Samuels,2,1,0,3
AK Chahal,1,0,0,1
AK Gokoel,4,0,0,4
AK Kitchen,3,0,0,3
AK Markram,98,3,0,101
AK Mohan,7,2,0,9
AK Muslar,0,1,3,4
AK Perera,1,0,0,1
AK Sah,13,1,0,14
AK Sarkar,2,1,0,3
AKS Bains,11,1,8,20
AL Fekete,1,0,0,1
AL Kerai,4,1,0,5
AL Menaria,8,2,0,10
AL Phehlukwayo,12,2,0,14
AL Stephen,3,0,0,3
AM Fernando,1,0,0,1
AM Hardie,33,5,0,38
AM Joshi,2,0,0,2
AM Kimote,17,3,0,20
AM McCarthy,11,0,0,11
AM Nayar,13,2,0,15
AM Oyede,2,0,0,2
AM Phangiso,2,0,0,2
AM Rahane,108,12,0,120
AM Rajpurohit,2,0,0,2
AM Rossington,6,2,5,13
AM Salvi,2,0,0,2
AM Tribe,7,3,2,12
AMA Dewar,1,0,0,1
AN Ahmed,7,4,0,11
AN Cook,1,0,0,1
AN Ghosh,4,1,0,5
AN Hyobeom,2,0,0,2
AN Kervezee,2,0,0,2
AN Lascu,5,0,0,5
AN Longchar,1,0,0,1
AN Petersen,1,0,0,1
AN Toube,6,0,1,7
AO Suji,2,1,0,3
AP Devcich,12,1,0,13
AP Dole,2,0,0,2
AP Majumdar,5,0,0,5
AP Rajeevan,24,12,6,42
AP Richardson,1,0,0,1
AP Sharma,2,1,0,3
AP Tare,34,1,11,46
AP Yadav,17,10,7,34
AQM Yako,1,0,0,1
AR Adams,1,0,0,1
AR Balla,3,0,0,3
AR Bawne,6,1,0,7
AR Berenger,2,0,0,2
AR Cusack,4,0,0,4
AR Easwaran,4,2,0,6
AR Keath,2,0,0,2
AR Kumar,6,0,0,6
AR Lamba,2,0,0,2
AR Leo,0,2,0,2
AR McBrine,11,0,0,11
AR Mokhade,2,0,0,2
AR Naidoo,4,0,0,4
AR Nedd,3,0,0,3
AR Nurse,27,0,0,27
AR Pandey,3,0,0,3
AR Patel,106,14,0,120
AR Patwa,14,4,0,18
AR Perez Rivero,1,1,0,2
AR Puri,7,1,0,8
AR Ramjani,13,2,0,15
ARA Chambers,3,0,0,3
ARB Singh,0,1,0,1
ARH Patel,0,1,0,1
AS Abioye,2,0,0,2
AS Dean,1,0,0,1
AS Joseph,44,8,0,52
AS Karambelkar,5,0,0,5
AS Mehmi,5,1,0,6
AS Rajpoot,7,3,0,10
AS Raut,18,6,0,24
AS Roy,18,3,0,21
AS Samra,6,1,0,7
AS Surwar,1,1,0,2
AS Thakare,1,0,0,1
AS Thakur,1,0,0,1
AS Wright,1,0,0,1
AS Yadav,1,1,0,2
ASF Sirah,3,2,0,5
AT Carey,74,7,16,97
AT Nidamanuru,4,1,0,5
AT Rayudu,79,14,2,95
AU Rashid,36,3,0,39
AUK Pathan,4,1,0,5
AUKDS Kalugala,3,1,0,4
AV Kolhar,1,1,0,2
AV Lalcheta,5,0,0,5
AV Lazarus,22,2,0,24
AV Rajput,4,0,0,4
AV Wankhade,21,1,0,22
AW Hawkins-Kay,5,0,0,5
AW O'Brien,5,1,0,6
AW Robinson,2,2,0,4
AW Summers,1,0,0,1
AWJ Auguste,3,1,0,4
Aaftab Alam Khan,15,6,2,23
Aakash Chand,1,0,0,1
Aakash Verma,1,0,0,1
Aamer Azmat,8,1,0,9
Aamer Jamal,12,3,0,15
Aamer Yamin,10,2,0,12
Aamir Gani,2,0,0,2
Aamir Kaleem,14,1,0,15
Aanshul Gupta,3,0,0,3
Aaqib Khan,1,0,0,1
Aaqib Sulehri,0,1,0,1
Aarif Sheikh,10,2,0,12
Aaron Jones,11,2,0,13
Aarya Desai,2,0,0,2
Aasif Sheikh,35,15,13,63
Aayan Afzal Khan,5,2,0,7
Abbas Afridi,11,1,0,12
Abbas Ghani,13,2,0,15
Abdul Basith,2,0,0,2
Abdul Hashim,14,5,5,24
Abdul Majid Abbasi,11,4,0,15
Abdul Naser Baluch,4,1,0,5
Abdul Nasir,3,0,0,3
Abdul Rahman,3,0,0,3
Abdul Razzaq,2,1,0,3
Abdul Samad,52,1,0,53
Abdul Shakoor,5,3,3,11
Abdul Shakoor (2),2,0,0,2
Abdul Stanikzai,3,0,0,3
Abdul Waheed,18,2,0,20
Abdul Wahid,4,1,0,5
Abdul-Shakoor Rahimzei,9,1,0,10
Abdullah Akbarjan,5,2,0,7
Abdullah Jasat,0,1,0,1
Abdullah Khan Lodhi,1,4,1,6
Abdullah Mahmood,5,0,0,5
Abdullah Rana,0,1,0,1
Abdullah Shafique,13,3,0,16
Abdullah Shahid,1,0,0,1
Abdullah Sheikh,1,0,0,1
Abdur Rahman Sudais,2,0,0,2
Abdur Razzak,7,1,0,8
Abdur Rehman,7,0,0,7
Abhay Negi,7,1,0,8
Abhijeet Ahuja,5,0,0,5
Abhijeet Saket,1,0,0,1
Abhilash Gogoi,2,0,0,2
Abhilash Patil,1,0,0,1
Abhimanyu Chauhan,1,0,0,1
Abhimanyu Rana,1,1,0,2
Abhinav Dixit,3,0,0,3
Abhinav Srivastava,1,0,0,1
Abhisek Das,5,0,0,5
Abhishek Ahuja,14,5,3,22
Abhishek Bhandari,3,0,0,3
Abhishek Goswami,3,0,0,3
Abhishek Gupta,3,0,1,4
Abhishek Pandey,1,0,0,1
Abhishek Sakuja,0,1,0,1
Abhishek Sharma,43,1,0,44
Abhishek Tanwar,1,1,0,2
Abhishek Thakuri,3,0,1,4
Abhishek Yadav,1,0,0,1
Abid Mushtaq,2,1,0,3
Abishek Porel,11,4,0,15
Abraash Khan,1,0,0,1
Abrar Ahmed,6,0,0,6
Abrar Bilal,15,4,6,25
Absar Khan,1,0,0,1
Abu Hider,2,0,0,2
Abu Zar,0,1,0,1
Abubacarr Kuyateh,1,3,0,4
Abul Farhad,2,0,0,2
Achit Shigwan,3,0,0,3
Adil Butt,2,3,0,5
Adil Reshi,2,0,0,2
Aditya,1,0,0,1
Aditya Garhwal,2,0,0,2
Aditya Kaushik,5,0,0,5
Aditya Panwar,2,1,0,3
Aditya Waghmode,3,0,0,3
Adnan Idrees,10,1,0,11
Adnan Ilyas,2,0,0,2
Adnan Mirza,4,0,0,4
Adnan Razzaq,2,0,0,2
Afif Hossain,19,6,0,25
Aftab Ahmed,4,0,0,4
Aftab Hussain,1,0,0,1
Aftab Ibrahim,2,0,0,2
Aftab Kayani,2,0,0,2
Agha Salman,14,3,0,17
Agniv Pan,1,0,0,1
Ahmad Ramdoni,35,14,8,57
Ahmad Raza,3,0,0,3
Ahmadullah Shinwari,4,2,0,6
Ahmed Aqeel,6,3,0,9
Ahmed Baladraf,1,1,0,2
Ahmed Banday,1,1,0,2
Ahmed Daniyal,3,0,0,3
Ahmed Faiz,21,5,0,26
Ahmed Hassan,17,7,2,26
Ahmed Raza,17,5,0,22
Ahmed Shah,3,0,1,4
Ahmed Shehzad,43,4,0,47
Ahmed Wardak,1,0,0,1
Ahmer Bin Nisar,17,4,0,21
Ahsan Ali,8,0,0,8
Ahsan Bhatti,1,0,0,1
Ahsan Khan,1,0,0,1
Ahsan Malik,9,5,0,14
Aimal Khan,0,1,0,1
Ainool Hafizs,22,17,10,49
Ainool Haqqiem,1,0,2,3
Aishwary Mourya,1,0,0,1
Aizaz Cheema,1,0,0,1
Aizaz Khan,20,8,0,28
Ajay Mandal,6,1,0,7
Ajay Sarkar,3,0,0,3
Akash Babu,1,0,0,1
Akash Bhandari,7,3,0,10
Akash Choudhary,5,3,0,8
Akash Deep,6,1,0,7
Akash Luitel,1,0,0,1
Akash Madhwal,4,2,0,6
Akash Parkar,3,0,0,3
Akash Raj,1,0,0,1
Akash Sengupta,1,0,0,1
Akash Singh,3,0,0,3
Akash Sudan,2,0,0,2
Akash Vasisht,6,2,0,8
Akbar Khan,1,0,0,1
Akbar-ur-Rehman,3,0,0,3
Akeem Jordan,1,1,0,2
Akhil Anil,5,0,0,5
Akhil Arjunan,1,1,0,2
Akhil Kumar,4,2,0,6
Akhil Rajput,0,0,1,1
Akhilesh Sahani,3,1,0,4
Akif Javed,3,0,0,3
Akif Raja,2,1,0,3
Akramullah Malikzada,1,0,0,1
Akshay Chandran,2,0,0,2
Akshay Karnewar,12,6,0,18
Akshay Wadkar,14,1,1,16
Akshay Wakhare,9,1,0,10
Al Bashid Muhammed,5,1,0,6
Al-Amin Hossain,5,0,0,5
Alam Nakash,3,0,0,3
Alexandros Karvelas,1,0,0,1
Alfredo Puentes,1,0,0,1
Ali Dawood,11,2,0,13
Ali Farasat,0,2,0,2
Ali Hasan,1,1,0,2
Ali Hussain,1,1,0,2
Ali Khan,12,0,0,12
Ali Masood,8,3,0,11
Ali Nadeem,1,0,0,1
Ali Naseer,19,2,0,21
Ali Nayyer,9,1,0,10
Ali Rasool,1,0,0,1
Ali Raza,2,1,0,3
Ali Saleem,3,0,0,3
Ali Sheikh,4,2,0,6
Ali Waqar,1,0,0,1
Ali Yalmaz,3,0,0,3
Ali Zaheer,4,0,0,4
Alok Kapali,2,1,0,3
Alok Sahoo,2,0,0,2
Altaf Gill,4,0,0,4
Amad Butt,11,0,0,11
Aman Desai,13,1,1,15
Aman Hakim Khan,18,0,0,18
Amandeep Khare,13,1,0,14
Amandeep Singh,4,1,0,5
Amar Naeem,5,2,0,7
Amar Sharma,5,2,0,7
Ameel Mauroof,1,0,0,1
Ameer Saiyed,1,0,0,1
Amiangshu Sen,1,0,0,1
Aminuddin Ramly,5,0,0,5
Aminul Islam,1,0,0,1
Aminullah Tanha,0,1,0,1
Amir Ali,1,0,0,1
Amir Farooq,2,1,0,3
Amir Hayat,0,1,0,1
Amir Khan,1,0,0,1
Amir Mangal,1,0,0,1
Amir Sharif,3,0,0,3
Amir Zaib,7,2,0,9
Amit Ali,0,3,0,3
Amit Chopra,1,0,0,1
Amit Mishra,2,1,0,3
Amit Pachhara,2,0,0,2
Amit Sinha,10,0,0,10
Amit Verma,3,1,0,4
Amit Yadav,1,0,0,1
Amjad Ali,1,0,0,1
Amjad Javed,5,1,0,6
Amjad Mahboob,4,1,0,5
Amjad Sher,10,4,0,14
Amlanjyoti Das,5,1,0,6
Ammar Zuhdi Hazalan,2,0,1,3
Amod Yadav,1,0,0,1
Amogh Desai,5,0,0,5
Amoluk Singh,0,1,0,1
Amos Rai,1,0,0,1
Amrit Lubana,1,0,0,1
Amulya Pandrekar,5,0,0,5
Anam Mollik,1,0,0,1
Anamul Haque,4,1,1,6
Anand Bais,1,0,0,1
Anand Rajan,3,2,0,5
Anand Singh,7,0,0,7
Anas Khan,2,1,0,3
Anasim Khan,1,0,0,1
Andre Jarju,4,0,0,4
Aniket Verma,7,1,0,8
Anique Uddin,5,0,0,5
Aniruddha Joshi,5,0,0,5
Anirudh Singh,3,0,0,3
Anish Charak,1,0,0,1
Anjar Tadarus,13,1,0,14
Ankit Chaudhary,2,2,0,4
Ankit Dabas,1,0,0,1
Ankit Dubey,1,0,0,1
Ankit Kaushik,6,1,0,7
Ankit Kushwah,3,2,0,5
Ankit Lamba,10,0,0,10
Ankit Maini,1,0,0,1
Ankit Sharma,12,0,0,12
Ankit Singh,2,0,0,2
Ankit Soni,1,0,0,1
Ankit Yadav,3,0,0,3
Anmol Malhotra,2,0,2,4
Anmoldeep Singh,1,0,0,1
Anmolpreet Singh,31,3,0,34
Anoop Orsu,5,0,0,5
Anowarul Islam,3,0,0,3
Anser Mehmood,1,0,0,1
Ansh Patel,1,2,0,3
Ansh Tandon,6,0,0,6
Anshul Tripathi,1,1,0,2
Anshuman Gautam,1,0,0,1
Anshuman Rath,21,2,0,23
Anuj Raj,1,1,0,2
Anuj Rawat,48,5,7,60
Anurag Sarangi,1,0,0,1
Anureet Singh,13,1,0,14
Anwar Ali,24,1,0,25
Anwar Arudin,3,0,0,3
Anwar Rahman,5,1,0,6
Aphsal Ashraf,1,0,0,1
Aqib Ilyas,16,2,0,18
Aqib Iqbal,16,7,0,23
Arabind Singh,2,0,0,2
Arafat Minhas,4,0,0,4
Arafat Sunny,2,0,0,2
Areeb Quadir,1,0,1,2
Ariful Haque,6,0,0,6
Aritra Dutta,6,1,0,7
Arjit Gupta,5,0,0,5
Arjit Pannu,0,1,1,2
Arjun Vinod,14,1,0,15
Arkaprabha Sinha,2,3,3,8
Arnab Nandi,5,0,0,5
Arpit Gaud,2,0,0,2
Arpit Vasavada,10,1,0,11
Arsalan Ahmed,3,1,0,4
Arsalan Arif,3,5,0,8
Arshad Iqbal,1,0,0,1
Arshad Khan,6,0,0,6
Arshad Mazarzei,1,0,0,1
Arshdeep Singh,31,7,0,38
Arslan Amjad,12,0,0,12
Arup Das,1,0,0,1
Aryan Juyal,1,1,0,2
Aryan Lakra,2,0,0,2
Aryan Sahani,1,0,0,1
Aryansh Sharma,1,1,0,2
Asad Ali Rehemtulla,4,1,0,5
Asad Mahmood,0,1,0,1
Asad Mohammad,4,0,0,4
Asad Shafiq,9,1,0,10
Asfan Khan,5,0,3,8
Ashfaq Ahmed,2,0,0,2
Ashiqullah Said,1,1,0,2
Ashish Thapa,4,0,0,4
Ashish Yadav,12,1,0,13
Ashith Rajiv,6,1,0,7
Ashok Sharma,1,0,0,1
Ashutosh Aman,5,0,0,5
Ashutosh Sharma,5,0,0,5
Ashutosh Singh,8,1,0,9
Ashwani Kumar,3,0,0,3
Ashwin Hebbar,14,2,0,16
Ashwin Vinod,7,0,0,7
Asif Afridi,3,0,0,3
Asif Ali,63,5,0,68
Asif Bevinje,1,1,0,2
Asif Iqbal,0,2,0,2
Asif Khan,6,1,0,7
Asif Shaikh,0,1,0,1
Aslam Khan,6,1,0,7
Aslan Jafri,1,0,0,1
Assad Borham,2,0,0,2
Aswin Crist,4,0,0,4
Ateeq Iqbal,8,1,0,9
Athar Mahmood,1,0,0,1
Atharva Ankolekar,4,1,0,5
Atharva Taide,13,2,0,15
Atif Kamal,4,1,0,5
Atif Mehmood,1,1,0,2
Atif Rasheed,3,1,0,4
Atif-Ur-Rehman,6,0,0,6
Aung Ko Ko,0,2,0,2
Auqib Nabi,1,0,0,1
Avesh Khan,23,7,0,30
Avi Dixit,1,1,0,2
Aviel Warsulkar,1,0,0,1
Avijit Singh,2,0,0,2
Avinash Yadav,1,1,0,2
Avishek Sinha,3,0,0,3
Avishka Iroshan,1,0,0,1
Avneesh Sudha,3,1,0,4
Awais Ahmad,1,0,0,1
Awais Ahmed,16,6,10,32
Awais Ikram,1,0,0,1
Ayan Bhattacharjee,1,1,0,2
Ayan Khan,25,7,0,32
Ayush Jamwal,7,1,0,8
Azam Khalil,3,0,0,3
Azam Khan,42,13,11,66
Azeem Nazir,2,0,0,2
Azhar Ali,3,0,0,3
Azhar Andani,3,0,0,3
Azhar Mahmood,9,1,0,10
Azim Kazi,5,0,0,5
Aziz Mohammad,0,3,0,3
Aziz Sualley,3,0,0,3
Azmatullah Omarzai,4,1,0,5
Azri Azhar,1,1,0,2
Azyan Farhath,4,2,0,6
B Akhil,3,1,0,4
B Akhilesh Reddy,1,0,0,1
B Angeltti,1,0,0,1
B Aparajith,20,2,0,22
B Arora,9,2,0,11
B Balala,1,0,0,1
B Bhandari,12,2,7,21
B Chipli,4,0,0,4
B Doggett,14,2,0,16
B Dugic,0,3,0,3
B Evans,1,0,0,1
B Fernando,1,1,0,2
B Fitchet,4,0,0,4
B Geeves,3,0,0,3
B George,7,1,0,8
B Indrajith,4,1,0,5
B Isaac,3,0,0,3
B Ito-Davis,7,2,0,9
B Ivanov,2,0,0,2
B Jerkovic,1,0,0,1
B Kgosiemang,4,1,0,5
B Khumalo,11,3,0,14
B Kohler-Cadmore,3,1,0,4
B Kumar,51,12,0,63
B Lalnunfela,1,0,0,1
B Laughlin,38,6,0,44
B Lee,21,9,0,30
B Lewis,0,1,0,1
B Likavu,0,1,0,1
B Maphosa,4,1,0,5
B Masaba,26,4,0,30
B Mavuta,2,0,0,2
B Muzarabani,13,3,0,16
B Namsrai,3,0,0,3
B Niaz,3,0,0,3
B Nikitaras,1,0,0,1
B Pondani,2,1,0,3
B Rahman,1,0,0,1
B Regmi,2,0,0,2
B Sai Sudharsan,13,2,0,15
B Schuster,1,0,0,1
B Shikongo,11,3,0,14
B Siddharth,1,0,0,1
B Stanlake,10,0,0,10
B Sumanth,4,0,0,4
B Swanepoel,3,1,0,4
B Vakatini,3,0,0,3
B Ward,11,3,0,14
B White,7,0,0,7
B Yadav,6,0,0,6
B Zuiderent,1,0,0,1
BA Bhatt,4,0,0,4
BA Carse,10,0,0,10
BA King,55,0,0,55
BA Pai,10,3,0,13
BA Pathan,0,1,0,1
BA Simango,1,0,0,1
BA Stokes,52,10,0,62
BA Viraliliu,2,1,0,3
BAA Zammitt,1,0,0,1
BAC Howell,4,0,0,4
BAD Manenti,8,1,0,9
BAW Mendis,5,2,0,7
BB Chari,2,0,0,2
BB Ghosh,2,0,0,2
BB McCullum,110,29,14,153
BB Roy,1,0,0,1
BB Samantray,8,3,0,11
BB Sran,7,2,0,9
BBJL Perera,4,0,0,4
BC Fortuin,10,3,0,13
BC Sahin,0,1,0,1
BCJ Cutting,83,3,0,86
BD Glover,6,0,0,6
BDH Stevens,10,0,0,10
BE Hendricks,12,1,0,13
BFW de Leede,25,3,0,28
BG Drew,1,2,0,3
BG Lister,4,1,0,5
BH Merai,1,0,0,1
BI Dilruksha,2,0,4,6
BJ Bennett,10,3,0,13
BJ Currie,9,1,0,10
BJ Davidson,1,0,0,1
BJ Dwarshuis,27,2,0,29
BJ Haddin,44,9,12,65
BJ Hodge,47,8,0,55
BJ Holt,8,2,2,12
BJ McCarthy,9,4,0,13
BJ McMullen,11,2,0,13
BJ Rohrer,21,7,0,28
BJ Watling,3,0,0,3
BJ Webster,45,3,0,48
BK Stroud,1,0,0,1
BKB Corbin,1,1,0,2
BKG Mendis,45,15,16,76
BL Couch,3,1,0,4
BLCS Kumara,1,0,0,1
BM Duckett,31,0,0,31
BM Edmondson,3,1,0,4
BM Pecic,7,2,0,9
BM Scholtz,14,0,0,14
BM Tickner,2,1,0,3
BM Wheeler,1,0,0,1
BMAJ Mendis,11,2,0,13
BN Cooper,35,0,0,35
BN Toube,2,1,0,3
BP Adapaka,1,0,0,1
BR Dunk,83,6,5,94
BR McDermott,68,2,3,73
BR Sharath,15,3,7,25
BRM Taylor,17,8,1,26
BS Makhanya,4,0,0,4
BS Sharma,1,0,0,1
BS Stephenson,2,1,0,3
BT Foakes,1,0,0,1
BTJ Wheal,11,4,0,15
BV Save,2,0,0,2
BV Sears,2,0,0,2
BV Vitori,2,0,0,2
BW Hilfenhaus,12,2,0,14
Babar Azam,110,8,0,118
Babar Hayat,43,7,0,50
Babul Kumar,5,0,0,5
Bakhtiar Tahiri,2,0,0,2
Bal Krishna,3,0,0,3
Baljit Singh,2,1,0,3
Baltej Singh,4,1,0,5
Bandaru Ayyappa,7,4,0,11
Bandeep Singh,2,1,0,3
Baseer Khan,1,0,0,1
Bashar Khan,1,1,0,2
Basil Hameed,22,2,0,24
Basil Thampi,12,2,0,14
Bavanaka Sandeep,15,3,0,18
Baz Aybui,3,2,0,5
Benjamin Embleton,2,0,0,2
Bhagmender Lather,1,0,0,1
Bhanu Pania,11,1,0,12
Bhargav Narasimha,0,1,0,1
Bhavesh Seth,1,1,1,3
Bhima Rao,1,0,0,1
Bhumeshswar Jagroo,1,1,0,2
Bibek Diyali,1,0,2,3
Bikramkumar Das,2,2,0,4
Bilal Hassun,5,4,0,9
Bilal Khan,8,1,0,9
Bilal Masud,6,3,0,9
Bilal Muhammad,5,1,0,6
Bilal Safdar,5,0,0,5
Bilal Shah,1,0,0,1
Bilal Tahir,27,4,0,31
Bilal Zalmai,5,2,0,7
Bilawal Bhatti,5,1,0,6
Bipin Kumar,3,0,0,3
Bipin Saurabh,7,2,0,9
Bipul Sharma,10,3,0,13
Bishworjit Konthoujam,1,1,0,2
Bobby Yadav,1,0,0,1
Bobby Zothansanga,0,1,0,1
Bonny Chingangbam,1,0,0,1
Bosco Tuyizere,1,1,0,2
Breeze Ahir,5,2,0,7
Bukhar Illikkal,1,0,0,1
C Bah,5,1,0,6
C Birch,1,0,0,1
C Bisson,1,0,0,1
C Bogdanos,4,0,0,4
C Bosch,19,4,0,23
C Brennan,10,1,0,11
C Campher,28,2,0,30
C Carter,2,1,1,4
C Cassell,3,0,0,3
C Chatphaisan,24,1,0,25
C Chete,3,4,0,7
C Connolly,9,1,0,10
C Dickson,5,1,0,6
C Esterhuizen,7,1,0,8
C Forbes,1,0,0,1
C Forshaw,1,0,0,1
C Green,20,3,0,23
C Greenshields,1,0,0,1
C Hartmann,10,6,2,18
C Hauptfleisch,1,0,1,2
C Hemraj,10,2,0,12
C Hinze,3,1,0,4
C Jonker,1,0,0,1
C Karunaratne,16,0,0,16
C Kellaway,3,0,0,3
C Kieswetter,24,7,4,35
C Kyewuta,2,5,0,7
C Lamont,1,0,0,1
C Madan,0,1,0,1
C Madande,19,6,1,26
C Munoz-Mills,21,3,0,24
C Munro,78,6,0,84
C Nunes,9,0,2,11
C Overton,5,0,0,5
C Pengkumta,4,0,0,4
C Pervez,1,0,0,1
C Potgieter,3,0,0,3
C Pyle,4,2,6,12
C Roberts,7,1,0,8
C Rububagumya,14,5,0,19
C Rumistrzewicz,8,0,0,8
C Sakariya,9,1,0,10
C Smith,3,0,0,3
C Sridev,1,1,0,2
C Stephenson,3,2,0,5
C Sudarsanan,32,9,2,43
C Tear,4,0,1,5
C Tlali,5,4,0,9
C Tommy,5,3,1,9
C Trott,3,0,0,3
C Udekwe,5,2,0,7
C Viljoen,4,0,0,4
C Waiswa,3,0,0,3
C Webster,2,0,0,2
C Wickramasinghe,2,0,0,2
C Wright,10,4,0,14
C Zavoiu,4,0,0,4
C Zhuwao,1,0,0,1
C de Grandhomme,34,2,0,36
CA Ingram,36,2,0,38
CA Keita,4,1,0,5
CA Lynn,66,0,0,66
CA Pujara,21,5,0,26
CA Rose,16,2,0,18
CA Soper,4,1,0,5
CA Wakim,2,2,0,4
CA Young,10,0,0,10
CAH Stevenson,2,1,0,3
CAJ Meschede,1,0,0,1
CAK Rajitha,2,1,0,3
CAK Walton,68,2,10,80
CB Mpofu,4,2,0,6
CB Ondoa,1,0,0,1
CB Roposo,0,2,0,2
CB Sole,5,3,0,8
CBRLS Kumara,3,3,0,6
CC Machado,3,3,0,6
CD Barnwell,20,1,0,21
CD Hartley,14,9,3,26
CD Hinchliffe,7,0,0,7
CD McMillan,3,1,0,4
CD Wallace,1,0,1,2
CD de Lange,2,1,0,3
CE McConchie,1,0,0,1
CG Benjamin,1,1,1,3
CG Williams,3,0,0,3
CH Gayle,85,3,0,88
CH Morris,48,8,0,56
CJ Anderson,39,1,0,40
CJ Borgas,4,0,0,4
CJ Bowes,4,2,0,6
CJ Boyce,11,3,0,14
CJ Chibhabha,11,1,0,12
CJ Dala,13,3,0,16
CJ Delany,1,1,0,2
CJ Ferguson,28,2,0,30
CJ Gannon,10,0,0,10
CJ Green,104,4,0,108
CJ Jordan,126,16,0,142
CJ Langford,3,0,0,3
CJ McKay,9,2,0,11
CJ Rocchiccioli,1,0,0,1
CJ Simmons,5,0,0,5
CJA Amini,18,2,0,20
CJM Sabburg,5,1,0,6
CJO Smith,3,1,3,7
CJPF Kalugamage,4,0,0,4
CK Coventry,2,4,0,6
CK Jasmat,4,2,0,6
CK Kapugedera,20,5,0,25
CK Langeveldt,1,1,0,2
CL Cairns,1,1,0,2
CL White,74,8,0,82
CM Akachukwu,5,0,0,5
CM Gautam,17,3,6,26
CM McBride,0,1,0,1
CMW Read,1,0,0,1
CN Ackermann,14,2,0,16
CN Greaves,19,0,0,19
CN Kakuru,15,18,14,47
CN Onwuzulike,7,1,0,8
CO Obuya,29,8,0,37
CP Jewell,21,0,0,21
CP Rizwan,3,0,0,3
CP Sahani,2,0,0,2
CP Singh,10,3,0,13
CP Tremain,13,0,0,13
CP Turkich,2,0,1,3
CPPM Sadun,7,1,0,8
CR Brathwaite,64,4,0,68
CR Ervine,33,0,0,33
CR Richards,1,0,0,1
CR Suryawanshi,3,0,0,3
CR Woakes,24,0,0,24
CRD Fernando,3,3,0,6
CS Baugh,4,0,1,5
CS Delport,19,0,0,19
CS MacLeod,41,5,0,46
CS Martin,1,1,0,2
CS Sandri,1,0,0,1
CT Bancroft,39,3,5,47
CT Mumba,0,1,0,1
CT Mutombodzi,2,2,0,4
CU Jayasinghe,0,1,0,1
CV Anto,16,3,0,19
CV Milind,6,1,0,7
CV Varun,16,4,0,20
CW Perchard,15,3,0,18
Chaitanya Bishnoi,18,0,0,18
Chandan Ray,3,0,0,3
Chare Smith,4,2,0,6
Chaudhary Akram,3,0,0,3
Cheepurapalli Stephen,7,2,0,9
Chen Zhuo Yue,2,1,0,3
Chengkam Sangma,3,2,0,5
Chetan Bist,17,0,8,25
Chinta Gandhi,1,0,0,1
Chintan Gaja,4,1,0,5
Chintapalli Kranthi Kumar,1,1,0,2
Chirag Gandhi,27,1,0,28
Chirag Jani,11,3,0,14
Chirag Khurana,1,0,0,1
Chopise Hopongkyu,2,0,0,2
Choudry Share Ali,1,1,0,2
Codanda Ajit Karthik,1,0,0,1
Codi Yusuf,1,1,0,2
D Abeyrathna,7,2,0,9
D Ahir,1,1,0,2
D Ajekun,3,0,0,3
D Birrell,7,0,0,7
D Bishoo,4,1,0,5
D Bourne,1,0,0,1
D Brevis,29,4,0,33
D Cleaver,9,1,2,12
D Dawa,1,0,0,1
D Dewald,0,2,0,2
D Doyle-Calle,25,0,0,25
D Ferreira,29,2,3,34
D Finau,2,0,0,2
D Foxcroft,3,0,0,3
D Ganesh,1,0,0,1
D Gim,4,0,0,4
D Gumyusenge,10,0,0,10
D Heyliger,9,2,0,11
D Jakiel,7,3,0,10
D Jansen,9,2,0,11
D Johnson,9,4,0,13
D Kalvin,0,1,0,1
D Kalyankrishna,1,0,0,1
D Kansonkho,8,1,0,9
D Khanal,3,1,0,4
D Khatri,2,0,0,2
D Klein,8,3,1,12
D Long Martinez,2,0,0,2
D Madushanka,4,0,0,4
D Maisuria,4,1,0,5
D Marais,0,1,0,1
D Marks,3,0,0,3
D Marsic,2,0,0,2
D Mauro,1,0,0,1
D Mongia,1,0,0,1
D Morton,1,0,0,1
D Muhumuza,2,3,0,5
D Mullen,1,1,0,2
D Myers,7,1,0,8
D Nath,0,2,1,3
D Ndikubwimana,43,24,11,78
D Nikolov,7,2,0,9
D Norotam,8,1,0,9
D Padikkal,42,2,0,44
D Panda,4,0,0,4
D Parashar,6,1,0,7
D Paterson,1,1,0,2
D Potgieter,4,0,0,4
D Pretorius,18,3,0,21
D Ramani,1,0,0,1
D Ramdin,100,19,44,163
D Ravu,4,0,0,4
D Rawat,2,2,0,4
D Robson,2,0,0,2
D Sabir,18,4,0,22
D Salunkhe,2,0,0,2
D Suzuki,18,4,0,22
D Teinaki,1,0,0,1
D Traore,0,1,0,1
D Uwimana,3,4,0,7
D Visser,3,0,0,3
D Vora,1,0,0,1
D Wabwire,1,1,0,2
D Weston,5,0,1,6
D Wheatley,4,0,0,4
D Wiese,61,14,0,75
D Wotu,4,2,0,6
D la Cock,2,1,0,3
DA Blignaut,4,3,0,7
DA Mehta,4,0,0,4
DA Miller,229,23,1,253
DA Payne,5,1,0,6
DA Warner,182,13,0,195
DAJ Bracewell,9,2,0,11
DAP Darrell,4,1,0,5
DAS Gunaratne,4,1,0,5
DB Bana,1,2,0,3
DB Das,9,2,0,11
DB Loic,2,0,0,2
DB Ravi Teja,17,3,0,20
DBL Powell,2,0,0,2
DC Drakes,10,0,0,10
DC Smith,9,4,0,13
DC Stovell,5,1,0,6
DC Thomas,54,6,12,72
DDP D'Silva,3,0,0,3
DE Bernard,3,0,0,3
DE Bollinger,22,2,0,24
DE Budge,4,0,0,4
DE Burgess,2,0,0,2
DE Johnson,2,0,0,2
DF Jacobs,2,0,0,2
DF Watts,6,0,0,6
DG Bedingham,1,0,0,1
DG Blampied,10,2,0,12
DG Brownlie,3,0,0,3
DG Nalkande,7,0,0,7
DG Weakley,1,1,0,2
DGAPD Wiswi,0,1,0,1
DH Yagnik,17,6,6,29
DI Allan,1,0,0,1
DJ Bravo,177,27,0,204
DJ Harris,9,0,0,9
DJ Hawoe,20,5,0,25
DJ Hooda,92,8,0,100
DJ Hussey,69,10,0,79
DJ Jacobs,4,2,2,8
DJ Malan,42,1,0,43
DJ Mitchell,65,0,0,65
DJ Muthuswami,4,1,0,5
DJ Pattinson,2,1,0,3
DJ Reekers,1,0,0,1
DJ Thornely,5,0,0,5
DJ Turkich,3,1,0,4
DJ Vilas,8,0,1,9
DJ Willey,48,3,0,51
DJ Worrall,14,1,0,15
DJG Sammy,84,18,0,102
DJM Moody,1,0,0,1
DJM Short,52,2,0,54
DK Anefie,10,1,0,11
DK Butler,1,0,0,1
DK Dahani,1,0,0,1
DK Jacobs,1,0,0,1
DK Mathias,1,0,0,1
DK Pallekonda,1,0,0,1
DK Shetty,0,1,0,1
DKD Warnakulasuriya,2,0,0,2
DL Brangman,1,1,0,2
DL Chahar,16,2,0,18
DL Maddy,1,1,0,2
DL Richards,1,0,0,1
DL Vettori,25,7,0,32
DLR Smith,10,7,4,21
DLS van Bunge,1,0,0,1
DM Bravo,45,1,0,46
DM Dupavillon,3,0,0,3
DM Gondaria,5,1,0,6
DM Mistry,1,0,0,1
DM Nakrani,14,5,0,19
DM de Silva,23,3,0,26
DMW Rawlins,25,0,0,25
DN Wellalage,4,0,0,4
DO Christian,0,1,0,1
DO Leicher,1,0,0,1
DO Obuya,2,0,0,2
DP Conway,55,2,9,66
DP Hughes,28,0,0,28
DP Hyatt,8,0,0,8
DP Michael,4,2,0,6
DP Nannes,12,5,0,17
DPMD Jayawardene,59,11,0,70
DPS Tyagi,3,0,0,3
DR Briggs,3,0,0,3
DR Deshmukh,2,0,0,2
DR Flynn,2,0,0,2
DR Hooper,3,5,0,8
DR Martyn,1,0,0,1
DR Mousley,7,0,0,7
DR Patankar,10,1,0,11
DR Salpietro,1,0,0,1
DR Sams,40,4,0,44
DR Shorey,21,0,0,21
DR Smith,81,7,0,88
DR Tawake,2,0,0,2
DS Airee,34,16,0,50
DS Bajwa,6,2,0,8
DS Kulkarni,25,7,0,32
DS Maraiwai,4,0,0,4
DS Rathi,3,0,0,3
DS Smith,6,0,0,6
DS Wesonga,3,0,0,3
DT Christian,107,9,0,116
DT Doram,2,0,0,2
DT Johnston,6,2,0,8
DT Patil,2,0,0,2
DT Tiripano,4,1,0,5
DV Devjani Mutreja,1,0,0,1
DV Macome,5,0,0,5
DV Varghese,3,3,0,6
DW Lawrence,3,0,0,3
DW Steyn,36,7,0,43
DYA Davis,1,0,0,1
Dane Leo,2,0,0,2
Danijel Petrovic,1,0,0,1
Danish Aziz,3,1,0,4
Danish Jasnaik,1,0,0,1
Danyal Akbar,1,0,0,1
Danyal Raja,2,0,0,2
Darshan Misal,7,4,0,11
Daryl Ferrario,3,0,0,3
Dasari Swaroop Kumar,1,0,0,1
Davion Codner,3,0,0,3
Dawood Ahmadzai,13,0,0,13
Dayal Joy,2,0,0,2
Deendyal Upadhyay,1,0,0,1
Deepak Behera,2,0,0,2
Deepak Punia,3,1,0,4
Deepraj Gaonkar,15,3,0,18
Delawar Khan,4,2,0,6
Deng Jinqi,0,1,0,1
Denish Das,5,1,0,6
Dev Lakra,1,0,0,1
Devender Lohchab,1,0,0,1
Devender Singh,3,1,0,4
Dhananjay Rao,4,1,0,5
Dharmang Patel,3,0,0,3
Dharmendra Manani,2,0,0,2
Dharmendrasinh Jadeja,14,2,0,16
Dhiman Ghosh,0,0,1,1
Dhrumil Matkar,2,0,0,2
Dhrushant Soni,0,2,0,2
Dhruv Jurel,31,3,2,36
Dhruv Patel,2,1,0,3
Dhruv Raval,6,2,5,13
Digvijay Rangi,2,0,0,2
Dikshanshu Negi,7,0,0,7
Dilbar Hussain,3,1,0,4
Dinesh Mor,7,2,0,9
Dipanjan Dey,3,0,0,3
Dipayan Debbarma,2,0,0,2
Dippu Sangma,4,1,0,5
Divyang Hinganekar,10,2,0,12
Divyendra Singh,11,3,5,19
Diwesh Pathania,7,1,0,8
Dylan Steyn,12,3,0,15
E Beukes,11,2,0,13
E Bosch,9,1,0,10
E Chigumbura,26,2,0,28
E Duff,3,0,0,3
E Dusingizimana,11,0,0,11
E Ernest,2,1,0,3
E Frosler,0,1,0,1
E Hasahya,2,0,0,2
E Haven,1,2,0,3
E Jabarkhel,1,2,0,3
E Jones,5,0,0,5
E Karimi,3,1,0,4
E Kubwimana,8,4,0,12
E Kuchey,4,2,0,6
E Leie,2,0,0,2
E Lewis,60,4,0,64
E Malinga,2,1,0,3
E Mathew,11,3,0,14
E Niyomugabo,9,3,0,12
E Ochieng,1,0,0,1
E Otgonbayar,7,1,0,8
E Otieno,3,0,0,3
E Packard,2,0,0,2
E Rukiriza,17,6,0,23
E Schiferli,3,1,0,4
E Sebareme,10,2,0,12
E Solomon,4,1,0,5
E Ul Haq,3,0,0,3
EB Knowles,1,0,0,1
EB Ringera,8,2,0,10
EC Joyce,9,0,0,9
EC Sen,5,1,0,6
ED Silva,2,0,0,2
EF Beard,9,0,0,9
EHSN Silva,2,0,0,2
EJB Miles,2,3,0,5
EJG Morgan,101,15,0,116
EM Nino,1,0,0,1
EMDY Munaweera,2,0,0,2
EP Gulbis,14,1,0,15
ER Dwivedi,14,0,2,16
ES Szwarczynski,1,0,0,1
Ebrahim Naseri,0,1,0,1
Ehsan Adil,1,0,0,1
Ehsan Khan,14,5,0,19
Ehsan Nawaz,2,1,0,3
Eknath Kerkar,12,1,4,17
Elan Talker,1,0,0,1
Elias Sunny,1,0,0,1
Erik Roy,3,2,0,5
Ethan D'Souza,1,0,0,1
F Achelam,23,11,5,39
F Akankwasa,2,1,0,3
F Baleri,7,0,0,7
F Banunaek,22,2,0,24
F Behardien,16,1,0,17
F Damiao Couana,4,1,0,5
F Hand,4,1,0,5
F Khaliq,3,1,0,4
F Mutizwa,0,1,0,1
F Mutua,4,1,0,5
F Nsubuga,12,4,0,16
F O'Neill,3,1,0,4
F Stoman,7,2,1,10
F Suluoto,6,1,0,7
F du Plessis,159,11,0,170
FA Allen,52,0,0,52
FA Cossa,8,3,0,11
FA Klokker,6,1,2,9
FD Adams,1,0,0,1
FDW McCreath,3,0,0,3
FFJ Heo,3,0,0,3
FFZ Nhaduate,5,0,1,6
FH Allen,39,1,1,41
FH Edwards,10,1,0,11
FJ Klaassen,19,2,0,21
FJ Mpegna,2,0,0,2
FL Patel,1,0,0,1
FL Reifer,1,0,0,1
FY Fazal,22,7,0,29
Fabid Ahmed,16,4,0,20
Fahad Tariq,4,0,0,4
Faheem Ashraf,51,3,0,54
Faheem Nazir,2,1,0,3
Faheem Nellancheri,2,1,0,3
Faisal Javed,1,0,0,1
Faisal Khan,18,0,0,18
Faisal Mubashir,7,0,0,7
Faisal Raza,3,0,0,3
Faisal Safi,0,1,0,1
Faizal Salehji,1,0,0,1
Fakhar Zaman,95,4,0,99
Fakhrul Mohon,1,0,0,1
Fanyan Mughal,6,2,0,8
Faraaz Mehti Abbas,1,0,0,1
Farhad Reza,4,0,0,4
Farhan Ahmed,1,0,0,1
Farzan Afzal,1,0,0,1
Fawad Ahmed,15,4,0,19
Fawad Alam,6,4,0,10
Fayaz Khan,7,2,0,9
Fayyaz Ahmed,1,0,0,1
Fayyaz Butt,6,0,0,6
Fazalhaq Farooqi,3,0,0,3
Fazil Muhammad,1,0,0,1
Fazil Rahman,1,1,0,2
Fazil Rashid,6,1,1,8
Felix Alemao,5,0,0,5
Festus Benn,8,1,0,9
Fiaz Ahmed,13,0,0,13
Firas Hussain,3,0,0,3
Fitri Sham,5,0,0,5
Franz Bur,0,1,0,1
G Anikethreddy,2,0,0,2
G Axtell,3,0,0,3
G Bakiweyem,10,2,0,12
G Bruno,2,0,0,2
G Burrows,7,2,0,9
G Caisley,1,0,0,1
G Chaturvedi,6,0,0,6
G Chohan,1,1,0,2
G Coetzee,6,0,0,6
G Cupido,1,0,0,1
G Fatouros,2,2,0,4
G Gambhir,40,9,0,49
G Ganbold,2,0,0,2
G Goudie,1,0,0,1
G Kansonkho,6,0,0,6
G Malla,20,0,0,20
G Manan,2,0,0,2
G Mckeon,12,1,0,13
G Motie,18,5,0,23
G Ngegba,5,3,0,8
G Periyaswamy,2,0,0,2
G Roelofsen,9,1,0,10
G Schachat,1,1,0,2
G Sesay,10,6,0,16
G Singh,11,0,0,11
G Singhdeo,3,0,0,3
G Stewart,4,2,0,6
G Thakur,2,1,0,3
G Venkateswaran,3,0,0,3
G Wijekoon,0,2,0,2
GA Manou,4,0,2,6
GA Priandana,17,2,0,19
GA Singh,1,0,0,1
GA West,1,0,0,1
GB Brent,0,2,0,2
GB Hogg,20,4,0,24
GC Galanis,6,3,0,9
GC Murtaza,8,3,0,11
GC Smith,24,2,0,26
GC Tonge,2,0,0,2
GC Viljoen,6,0,0,6
GC Wilson,31,4,8,43
GD Arta,4,0,0,4
GD Elliott,11,2,0,13
GD McGrath,3,1,0,4
GD Phillips,82,2,4,88
GD Pope,1,0,0,1
GD Putland,3,1,0,4
GDR Eranga,1,0,0,1
GE Mathurin,1,0,0,1
GF Linde,17,0,0,17
GG Alta,1,2,0,3
GG Banner,7,0,0,7
GH Dockrell,52,5,0,57
GH O'Brien,2,0,0,2
GH Vihari,13,3,0,16
GH Worker,2,0,0,2
GHS Garton,6,0,0,6
GI Gokoel,2,0,0,2
GI Hume,1,1,0,2
GI Maiden,0,1,0,1
GJ Bailey,55,9,0,64
GJ Delany,26,0,0,26
GJ Hopkins,4,2,2,8
GJ Maxwell,208,24,0,232
GJ Snyman,1,0,0,1
GJ Thompson,1,1,0,2
GJ van Rensburg,2,0,0,2
GK Berg,4,2,0,6
GK Ghalley,10,0,0,10
GM Hamilton,1,0,0,1
GM Muthui,8,0,0,8
GM Ntambalika,5,1,0,6
GM Strydom,2,0,0,2
GO Jones,2,1,0,3
GO Sopinho,1,0,0,1
GP Meade,13,4,0,17
GP Swann,4,2,0,6
GPK Wijesingha,1,0,0,1
GR Adair,8,0,0,8
GR Russ,5,6,3,14
GRD Munasinghe,2,0,0,2
GS Sandhu,17,2,0,19
GSNFG Jayasuriya,3,1,0,4
GT Main,4,2,0,6
GT Taylor,4,0,0,4
GW Aldridge,1,0,0,1
GY Prastama,1,0,0,1
Gabor Torok,0,1,0,1
Gagandeep Singh,7,1,0,8
Gandhar Bhatawadekar,2,0,0,2
Ganesh Satish,9,3,0,12
Garret Banner,6,2,0,8
Gauhar Ali,1,0,0,1
Gaurav Chaudhary,0,1,0,1
Gaurav Gambhir,4,0,0,4
Gaurav Mishra,5,0,0,5
Gaurav Puri,3,0,0,3
Gaurav Tiwari,2,1,0,3
Gaurav Yadav,1,0,0,1
Gayan Munaweera,7,1,0,8
Gershon Yusuf,1,0,0,1
Ghazi Ghori,2,0,0,2
Ghulam Abbas Butt,2,0,0,2
Ghulam Ahmadi,6,2,0,8
Ghulam Mudassar,0,1,0,1
Ghulam Shabber,9,0,0,9
Girinath Reddy,8,3,0,11
Girish Rauturi,3,0,0,3
Gitansh Khera,3,2,3,8
Gokul Sharma,1,0,0,1
Gourav Choudhury,1,0,0,1
Govinda Poddar,3,1,0,4
Guido Angeletti,2,1,0,3
Gulbadin Naib,1,0,0,1
Gulraiz Sadaf,2,0,0,2
Gulsan Jha,11,6,0,17
Gurdeep Singh,2,0,0,2
Gurinder Singh,9,1,0,10
Gurkeerat Singh,34,2,1,37
Gurpal Sidhu,1,0,0,1
Gurpratap Singh,6,1,0,7
Gurpreet Singh,1,0,0,1
H Bharadwaj,1,2,0,3
H Carlyon,9,2,0,11
H Davids,3,0,0,3
H Desai,18,2,2,22
H Deshan,3,0,0,3
H Fennell,2,1,0,3
H Hiri,9,1,0,10
H Isorena,1,0,0,1
H Ivanov,1,0,0,1
H Kerr,13,3,0,16
H Khogiyani,4,1,0,5
H Khuttan,1,0,0,1
H Kinga,1,0,0,1
H Klaasen,85,22,18,125
H Klazinge,3,0,0,3
H Lakov,11,3,0,14
H Lin Aung,0,1,0,1
H Lin Oo,3,0,0,3
H Masakadza,24,0,0,24
H McAleer,4,1,1,6
H Miller,1,0,0,1
H Niaz,2,0,0,2
H Osinde,1,0,0,1
H Patel,2,0,0,2
H Rathod,4,1,0,5
H Satheedevi,2,0,0,2
H Singh,8,1,0,9
H Srinivasan,5,3,3,11
H Ssenyondo,5,3,0,8
H Thaker,10,3,0,13
H Upadhyay,2,0,0,2
H Venkataram,1,0,0,1
H Virdee,1,0,0,1
HA Chohan,2,1,0,3
HA Jackson,20,4,4,28
HA Varaiya,6,3,0,9
HAG Madhushanka,1,0,0,1
HAM Shah,12,2,0,14
HB Dickson,5,1,0,6
HC Brook,52,1,0,53
HD Rutherford,1,0,0,1
HD Weibgen,3,0,0,3
HDRL Thirimanne,8,0,0,8
HE van der Dussen,33,2,0,35
HER Tyler,2,7,1,10
HF Gurney,1,1,0,2
HG Kuhn,5,1,0,6
HG Munsey,39,1,0,40
HGV Vare,6,4,0,10
HH Gibbs,37,6,0,43
HH Pandya,129,10,0,139
HJ Hunt,4,0,0,4
HJ Jordaan,1,0,0,1
HJ Manenti,9,1,0,10
HJ Nielsen,31,7,3,41
HJ Patel,1,0,0,1
HJH Marshall,1,1,0,2
HL Harji,0,1,0,1
HM Amla,23,1,0,24
HM Nicholls,8,0,0,8
HMCM Bandara,1,1,0,2
HMRKB Herath,0,4,0,4
HN Ya France,2,0,0,2
HNA Conway,1,0,0,1
HP Kingston,2,0,0,2
HP Patel,9,1,0,10
HR Shokeen,5,1,0,6
HR Walsh,29,5,0,34
HS Baidwan,2,0,0,2
HS Gericke,8,1,1,10
HS Joshi,0,1,0,1
HT Dixon,0,1,0,1
HT Tector,56,3,0,59
HTRY Thornton,7,0,0,7
HV Mandhyan,5,0,0,5
HV Patel,35,13,0,48
HWR Cartwright,50,3,0,53
Habib Ahmadzai,1,0,0,1
Habib Khan,8,1,0,9
Hadisullah Tarakhel,1,1,0,2
Haider Ali,22,3,0,25
Haider Butt,27,14,0,41
Hamed Khan,2,0,0,2
Hamid Mahmood,5,1,0,6
Hamid Safi,4,1,0,5
Hammad Azam,5,1,0,6
Hammad Mirza,5,2,1,8
Hamza Dar,1,2,0,3
Hamza Khan,1,2,0,3
Hamza Tahir,4,1,0,5
Hamza Tariq,13,1,5,19
Harbhajan Singh,51,13,0,64
Hardeep Singh,1,0,0,1
Hardik Rathod,1,0,0,1
Hardik Tamore,5,3,1,9
Hari Nishaanth,7,0,0,7
Haris Rauf,49,7,0,56
Haris Sohail,7,0,0,7
Harishankar Reddy,2,0,0,2
Harmeet Singh,9,7,0,16
Haroon Arshad,5,2,0,7
Harpreet Brar,21,2,0,23
Harpreet Singh,16,2,0,18
Harry Johnson,0,1,0,1
Harsh Dubey,1,0,0,1
Harsh Tyagi,5,1,0,6
Harshit Rana,13,0,0,13
Hasan Ali,39,9,0,48
Hasan Mahmud,10,0,0,10
Haseeb Amjad,1,4,0,5
Haseeb Ghafoor,5,0,2,7
Haseebullah Khan,15,4,1,20
Hassan Khan,18,1,0,19
Hassan Mehmood,1,0,0,1
Hassan Nawaz,7,1,0,8
Hassan Rasheed,6,0,0,6
Hassnain Shah,1,0,0,1
Hazratullah,4,1,0,5
Hein Zin Aung,2,0,0,2
Hem Chetri,4,1,0,5
Hemang Patel,4,1,0,5
Henry Renthlei,1,0,0,1
Heramb Parab,1,0,0,1
Het Patel,4,6,3,13
Hilal Ahmad,1,0,0,1
Himalay Agarwal,2,0,0,2
Himalaya Barad,2,0,0,2
Himan Phukan,1,0,0,1
Himanshu Bisht,4,1,0,5
Himanshu Chawla,1,0,0,1
Himanshu Rana,11,2,0,13
Himanshu Sangwan,1,0,0,1
Himmat Singh,15,2,0,17
Hisham Sheikh,10,4,0,14
Hiten Dalal,7,1,0,8
Hitesh Kadam,1,0,0,1
Hitesh Yadav,0,1,0,1
Hokaito Zhimomi,7,1,0,8
Homendro Kabrambam,5,0,0,5
Hrishikesh Tamuli,1,1,1,3
Hrithik Kanojia,0,1,0,1
Huang Junjie,1,0,0,1
Humayun Kabir,1,1,0,2
Hunain Shah,1,1,0,2
Husnain Kabeer,1,1,0,2
Hussain Talat,19,3,0,22
Huzaif Yousuf,0,3,0,3
Huzaifa Mohammed,4,2,0,6
Hwanhee Lee,1,0,0,1
I Asif,4,2,0,6
I Danladi,15,5,0,20
I Elec,2,0,0,2
I Kaia,8,0,0,8
I Kamara,1,2,0,3
I Katzarski,0,1,0,1
I Khaleel,1,0,0,1
I Khan,5,0,0,5
I Liyanage,15,9,4,28
I Mansaray,4,1,0,5
I Master,3,2,0,5
I Mugisha,1,1,0,2
I Niyomugabo,3,2,0,5
I Ntirenganya,8,4,0,12
I Pandey,1,0,0,1
I Sharma,29,3,0,32
I Takahashi,6,1,0,7
I Tchakou,6,2,0,8
I Uboh,2,1,0,3
I Udana,7,3,0,10
IA Cockbain,6,0,0,6
IA De Silva,0,1,0,1
IA Karim,52,5,23,80
IC Pandey,14,1,0,15
IC Porel,1,0,0,1
IC Simao,0,1,0,1
IDA Damarell,14,11,6,31
IDM Latin,11,1,0,12
IDR Bradshaw,1,0,0,1
IG Butler,3,0,0,3
IH Romaine,1,0,0,1
II Selemani,16,2,0,18
IK Darmawan,1,0,0,1
IK Gamantika,19,7,0,26
IK Pathan,31,11,0,42
IKEG Artawan,20,5,0,25
IKO Aboagye,2,0,0,2
IO Okpe,13,2,0,15
IR Bell,6,3,0,9
IR Jaggi,9,2,0,11
IS Sodhi,28,2,0,30
Ian Dev Singh,8,0,0,8
Ibrahim Hassan,14,0,0,14
Ibrahim Jabarkhel,8,0,0,8
Ibrahim Kursad Dalyan,0,1,0,1
Ibrahim Nashath,4,2,0,6
Ibrahim Rahimi,8,2,0,10
Ibrahim Rizan,19,0,0,19
Ibrar Ahmad,1,1,0,2
Ibtisam Sheikh,3,0,0,3
Idrees Ul Haque,11,1,0,12
Iftekar Jaman,2,0,0,2
Iftikhar Ahmed,67,2,0,69
Iftikhar Anjum,0,1,0,1
Iftikhar Kankhel,2,0,0,2
Ijaz Hussain,4,1,0,5
Ikbal Hossain,2,0,0,2
Ikramullah Khan,3,2,0,5
Ilyas Ahmed,1,2,0,3
Ilyas Ataullah,4,4,0,8
Imad Wasim,57,14,0,71
Imal Zuwak,4,1,0,5
Imam-ul-Haq,8,0,0,8
Imliwati Lemtur,2,2,0,4
Imran Ali Butt,7,3,6,16
Imran Ameer,2,4,0,6
Imran Anwar,9,3,0,12
Imran Butt,1,0,0,1
Imran Farhat,3,2,0,5
Imran Haider,2,1,0,3
Imran Khalid,4,0,0,4
Imran Khan,12,4,0,16
Imran Khan (1),3,0,0,3
Imran Khan (2),1,0,0,1
Imran Nazir,11,2,0,13
Imran Tahir,44,8,0,52
Imran Yousaf,1,1,0,2
Imrul Kayes,4,0,0,4
Imtiaz Khan,1,1,0,2
Inakato Zhimomi,1,0,0,1
Iqbal Abdulla,13,5,0,18
Iqbal Hossain,2,0,0,2
Iqbal Hussain,6,1,0,7
Iqlas Naha,0,1,0,1
Irfan Ahmed,1,1,0,2
Irfan Hafejee,3,3,0,6
Irfan Khan,28,3,0,31
Irfan Sarfraz,1,0,0,1
Irfan-ul-Haq,1,0,0,1
Irshad Mubbashar,2,0,0,2
Isa Zaroo,5,0,0,5
Ishaan Gadekar,1,0,0,1
Ishan Kishan,89,22,12,123
Ishtiaq Ahmad,16,4,0,20
Ishwar Chaudhary,2,0,0,2
Ismaeel Zia,1,1,2,4
Ismail Ali,2,0,0,2
Ismaila Tanba,3,1,0,4
Israr Khan,2,0,0,2
Itibarshah Deedar,2,0,0,2
Ivan Splicevic,1,0,0,1
Izaz Ali,4,1,0,5
Izharulhaq Naveed,1,0,0,1
J Albin,2,3,0,5
J Alegra,6,0,0,6
J Anderson,2,0,0,2
J Andrew,1,0,0,1
J Baguma,2,1,0,3
J Baker,5,1,2,8
J Baleicikoibia,3,0,0,3
J Bangura,17,12,6,35
J Barker,12,3,0,15
J Batinibulu,1,0,0,1
J Bishop,5,2,0,7
J Blackwood,7,0,0,7
J Botha,68,15,0,83
J Broad,4,2,0,6
J Brown,9,1,0,10
J Bulele,4,1,0,5
J Butler,18,1,0,19
J Butte,2,0,0,2
J Cama,1,0,0,1
J Campbell,7,0,0,7
J Charles,68,3,5,76
J Chialoufas,4,0,0,4
J Coetzee,1,2,0,3
J Da Silva,7,0,3,10
J Daley,2,0,0,2
J Danikula,2,0,0,2
J Drysdale,2,0,0,2
J Dzulfikar,3,2,0,5
J Edwards,25,3,0,28
J Evans,1,0,0,1
J Fraser-McGurk,38,2,0,40
J Gallimore,1,0,0,1
J Ghelzai,6,1,0,7
J Glen,2,0,0,2
J Grassi,2,0,0,2
J Grzinic,5,1,0,6
J Hansrod,1,0,0,1
J Henry,1,0,0,1
J Hermann,10,1,0,11
J Horrocks,2,4,0,6
J Hurley,1,0,0,1
J Jagroo,0,1,0,1
J Jarvis,1,1,0,2
J Jemison,6,3,4,13
J Jojo,4,0,0,4
J Kann,1,0,0,1
J Kariko,6,0,0,6
J Kemp,1,0,2,3
J Kila,3,0,0,3
J Kousik,7,2,0,9
J Kunnanchirakkal,3,1,0,4
J Layne,1,0,0,1
J Lewis,1,0,0,1
J Little,23,3,0,26
J Liyanage,1,0,0,1
J Long,1,0,0,1
J Mallikarjun,2,0,0,2
J Marples,11,1,4,16
J Martins,3,0,0,3
J Mees,14,7,1,22
J Merlo,3,0,0,3
J Miyaji,6,1,0,7
J Mosca,7,0,0,7
J Mubarak,9,0,0,9
J Mulder,1,0,0,1
J Overton,17,3,0,20
J Pakeman,3,0,0,3
J Pakhiaokajee,1,0,0,1
J Perman,1,0,0,1
J Pickering,2,1,2,5
J Proctor,1,0,0,1
J Rasu,9,3,0,12
J Royal,10,2,0,12
J Sebanja,2,0,0,2
J Shaju,3,2,0,5
J Singye,8,2,0,10
J Smits,0,1,0,1
J Stanigze,6,0,0,6
J Suchith,32,7,0,39
J Suleman,1,0,0,1
J Sumerauer,11,5,0,16
J Syed Mohammad,4,3,0,7
J Theron,11,5,0,16
J Trembeath-Moro,6,0,0,6
J Umanath,1,0,0,1
J Vijay,6,0,0,6
J Vira,7,0,1,8
J Weatherald,36,2,0,38
J West,2,0,0,2
J Yadav,24,0,0,24
J van Heerden,6,0,0,6
JA Burns,28,0,0,28
JA Burrows,8,3,0,11
JA Clarkson,3,0,0,3
JA Davies,7,3,0,10
JA Duffy,9,1,0,10
JA Fitzgerald,7,3,0,10
JA Foo,11,0,0,11
JA Morkel,35,8,0,43
JA Prestwidge,6,0,0,6
JA Richardson,27,2,0,29
JA Rudolph,1,0,0,1
JA Sinclair,4,2,0,6
JA Thompson,3,1,0,4
JA Warrican,1,0,0,1
JAD Lawrenson,5,0,0,5
JAM Henri,4,1,0,5
JAR Blain,1,0,0,1
JB Abega,0,3,0,3
JB Lintott,2,0,0,2
JB Reva,4,0,0,4
JC Archer,27,1,0,28
JC Balt,2,1,0,3
JC Buttler,182,43,26,251
JC Carmichael,1,1,0,2
JC Darji,1,1,0,2
JC Martin,1,1,4,6
JC Silk,85,3,0,88
JC Tredwell,2,0,0,2
JD Allan,8,2,3,13
JD Baker,3,0,0,3
JD Campbell,2,0,0,2
JD Cook,6,0,0,6
JD Freyone,3,1,0,4
JD Newton,2,0,0,2
JD Ryder,20,1,0,21
JD Unadkat,30,15,0,45
JD Wildermuth,10,0,0,10
JDA Richardson,1,0,1,2
JDF Vandersay,2,0,0,2
JDP Albertze,1,0,0,1
JDP Oram,18,7,0,25
JDS Neesham,69,5,0,74
JE Dunford,12,3,12,27
JE Pitcher,4,0,0,4
JE Root,23,1,0,24
JE Taylor,12,2,0,14
JEA Doctora,6,0,0,6
JEC Franklin,28,1,0,29
JF Mooney,9,2,0,11
JF Smith,1,0,0,1
JG Bethell,8,2,0,10
JH Davey,15,2,0,17
JH Kallis,41,8,0,49
JH Saroha,1,0,1,2
JH Stander,1,0,0,1
JJ Athanaze,3,0,0,3
JJ Atkinson,26,4,1,31
JJ Bazley,9,1,0,10
JJ Bumrah,25,4,0,29
JJ Davidson,0,1,0,1
JJ Huo,4,4,0,8
JJ Krejza,3,0,0,3
JJ Lamare,1,0,0,1
JJ Nyambo,3,1,0,4
JJ Peirson,66,9,17,92
JJ Roy,76,5,0,81
JJ Smit,27,1,0,28
JJ van der Wath,0,1,0,1
JJS Sangha,18,1,0,19
JK Fuller,3,1,0,4
JK Lalor,16,1,0,17
JK Mukhiya,3,0,0,3
JK Reed,2,2,0,4
JK Vifah,4,1,0,5
JKC Ahir,1,0,0,1
JL Carter,25,0,1,26
JL Denly,19,0,0,19
JL Jaggesar,2,0,0,2
JL Ontong,10,1,0,11
JL Pattinson,8,0,0,8
JL Smith,1,0,0,1
JL Tutty,1,0,0,1
JL de Mey,1,0,0,1
JL du Plooy,7,1,0,8
JM Anderson,3,1,0,4
JM Bairstow,88,11,5,104
JM Bird,28,3,0,31
JM Clarke,28,5,6,39
JM Cox,15,3,0,18
JM Herrick,1,0,0,1
JM Holland,8,1,0,9
JM How,1,0,0,1
JM Iradukunda,3,0,0,3
JM James,3,3,0,6
JM Joao,2,0,0,2
JM Kemp,4,0,0,4
JM Mennie,4,0,0,4
JM Muirhead,8,0,0,8
JM Obando,1,0,0,1
JM Sharma,79,15,12,106
JM Vince,69,3,0,72
JM Vujinovich,1,0,0,1
JN Frylinck,28,2,0,30
JN Hamilton,4,2,0,6
JN Loftie-Eaton,22,1,0,23
JN Malan,6,0,0,6
JN Mohammed,22,0,0,22
JN Snape,1,0,0,1
JN du Plooy,4,0,0,4
JNT Seales,13,1,0,14
JNT Vare,3,3,1,7
JO Adedeji,17,4,0,21
JO Holder,105,15,0,120
JOA Gordon,2,1,0,3
JOP Scamans,8,4,1,13
JP Behrendorff,42,6,0,48
JP Bray,2,0,0,2
JP Duminy,78,4,0,82
JP Faulkner,45,8,0,53
JP Greaves,13,1,0,14
JP Inglis,89,15,18,122
JP Kaltapau,6,0,0,6
JP Kotze,21,1,5,27
JP Wood,1,0,0,1
JPR Scantlebury-Searles,32,0,0,32
JQK Moala,2,1,0,3
JR Banik,2,0,2,4
JR Barry,2,1,0,3
JR Dean,5,0,0,5
JR Doran,1,0,0,1
JR Hazlewood,17,1,0,18
JR Hopes,14,4,0,18
JR Philippe,85,8,14,107
JS Buckingham,4,0,0,4
JS Floros,6,0,0,6
JS Foster,3,0,3,6
JS Iggo,1,0,0,1
JS Kundi,3,0,0,3
JS Lehmann,15,1,0,16
JS Lenton,12,4,5,21
JS Louis,1,0,0,1
JS Malhotra,5,0,3,8
JS Paris,12,0,0,12
JS Patel,7,3,0,10
JT Ball,2,0,0,2
JT Brassell,2,0,0,2
JT Darrell,1,0,0,1
JT Smuts,6,0,0,6
JU Goolie,1,1,0,2
JW Chilia,4,0,0,4
JW Dernbach,8,3,0,11
JW Hastings,13,4,0,17
JW Jenner,32,3,0,35
JW Wells,44,4,0,48
JWM Dalrymple,1,1,0,2
JWN Moses,2,0,0,2
JWW Gardner,2,0,0,2
Jafar Jamal,2,0,0,2
Jahandad Khan,4,1,0,5
Jahanzaib Sultan,1,0,0,1
Jahurul Islam,3,1,0,4
Jai Sinh,4,1,0,5
Jaison Jerome,1,0,0,1
Jaker Ali,12,1,3,16
Jakob Gul,1,0,0,1
Jalaj S Saxena,1,1,0,2
Jamshid Nasiri,1,0,0,1
Janak Prakash,22,3,0,25
Jasdeep Singh,13,3,0,16
Jaskaran Singh,8,3,0,11
Jaskaranvir Singh Sohi,4,1,0,5
Jasmer Dhankhar,2,0,0,2
Jaspal Singh,15,0,0,15
Jaspreet Singh,3,0,0,3
Jassim Khan,8,0,0,8
Jaswinder Singh,4,1,0,5
Jatin Wadhwan,4,0,0,4
Jatinder Singh,19,1,0,20
Javed Maroofkhail,3,0,0,3
Jaweed Ali,2,0,0,2
Jaweed Sadran,2,1,0,3
Jay Bista,9,1,0,10
Jay Chauhan,2,0,0,2
Jay Gohil,3,0,0,3
Jay Odedra,1,0,0,1
Jayanta Behera,1,0,0,1
Jayanta Sagatpam,0,1,0,1
Jaydev Shah,1,1,0,2
Jayram Reddy,2,0,0,2
Jayveer Parmar,1,0,0,1
Jitesh Patel,0,1,0,1
Jitin Singh,0,1,0,1
Jitumoni Kalita,2,0,0,2
Jiyaad Magrey,2,0,0,2
Joginder Sharma,7,2,0,9
Johnson Singh,3,0,0,3
Jonte Smith,2,3,0,5
Jordan O'Brien,14,2,3,19
Joseph Lalthankhuma,3,0,0,3
Joshua Asia,3,2,0,5
Joshua Ozukum,3,1,0,4
Jubaid Ahamed,4,1,0,5
Jun Hyunwoo,2,1,0,3
Junaid Aziz,21,2,0,23
Junaid Khan,5,0,0,5
Junaid Mehmood,3,1,0,4
Junaid Sheikh,5,0,0,5
Junaid Siddique,13,3,0,16
Junaid Siddiqui,1,1,0,2
Jyothi Sai Krishna,2,1,0,3
Jyotsnil Singh,4,0,0,4
K Alleyne,9,1,0,10
K Bhagath Varma,1,0,0,1
K Bhurtel,30,4,0,34
K Birkenstock,1,2,0,3
K Campbell,1,0,0,1
K Cawte,2,0,0,2
K Christie,2,0,0,2
K D Patel,2,2,0,4
K Dasan,0,0,1,1
K Doriga,22,4,5,31
K Fletcher,5,0,0,5
K Fubler,5,0,0,5
K Ghalley,1,0,0,1
K Gilham,1,0,0,1
K Goel,9,1,0,10
K Gore,3,0,0,3
K Gowtham,27,3,0,30
K Hardat,1,1,2,4
K Hinds,13,3,0,16
K Irakoze,4,2,0,6
K Jack,1,1,0,2
K Jaikaran,2,0,0,2
K Kadowaki-Fleming,8,1,0,9
K Kartikeya,3,0,0,3
K Kato-Stafford,3,2,0,5
K Kekez,1,0,0,1
K Khejroliya,1,1,0,2
K Klein,2,0,0,2
K Kubota,3,1,0,4
K L Shrijith,0,0,2,2
K Lake,1,0,0,1
K Lesporis,5,0,0,5
K Lewis,14,3,4,21
K Lion-Cachet,1,1,0,2
K Macheka,1,0,0,1
K Makwana,2,0,0,2
K Mendon,2,0,0,2
K Mirpuri,4,0,0,4
K Modise,1,0,0,1
K Mothlhanka,3,0,4,7
K Motlanka,6,2,0,8
K Namchaikul,1,1,0,2
K Nassoro,19,6,0,25
K Nestor,7,0,0,7
K Pala,1,0,0,1
K Penjor,1,0,0,1
K Pierre,29,2,0,31
K Piet,10,4,0,14
K Pitman,1,0,0,1
K Rabada,60,7,0,67
K Santokie,10,1,0,11
K Senamontree,6,1,0,7
K Sinclair,7,2,0,9
K Sonavale,1,1,0,2
K Suttisan,2,0,0,2
K Tathgur,12,5,4,21
K Tripathi,1,0,0,1
K Upadhyay,3,2,0,5
K V Sasikanth,13,1,0,14
K Vanlalruata,1,0,0,1
K Verreynne,8,1,1,10
K Vislapuu,3,0,0,3
K Waiswa,27,8,0,35
K Weeraratne,2,1,0,3
K White,1,0,0,1
KA Anderson,2,0,0,2
KA Bazil,2,0,0,2
KA Jadhav,1,0,0,1
KA Jamieson,8,0,0,8
KA Maharaj,30,0,0,30
KA Pollard,258,18,0,276
KA Vaz,5,0,2,7
KA Vimlesh,3,0,0,3
KAJ Roach,14,0,0,14
KAM Corbin,2,0,0,2
KAR Hodge,6,0,0,6
KB Ahir,1,0,0,1
KB Arun Karthik,43,8,2,53
KB Patil,1,0,0,1
KB Pawan,6,1,3,10
KC Cariappa,4,2,0,6
KC D'Souza,10,0,0,10
KC Hodsoll,1,0,0,1
KC Ramamoorthy,4,2,0,6
KC Sangakkara,110,37,36,183
KD Karthik,200,51,56,307
KD Kesuma,14,2,0,16
KD Mehta,1,0,0,1
KD Mills,6,1,0,7
KD Shah,14,1,0,15
KDA Lukies,3,3,0,6
KDK Vithanage,2,0,0,2
KF Bakiweyem,1,0,0,1
KH Abe,5,1,0,6
KH Devdhar,18,1,3,22
KH Pandya,64,3,0,67
KH Prajapati,21,0,0,21
KHM James,8,1,0,9
KI Simmonds,2,0,0,2
KIC Asalanka,22,1,0,23
KJ Abbott,7,1,0,8
KJ Coetzer,16,4,0,20
KJ Cottoy,6,1,0,7
KJ Ferrary,1,1,0,2
KJ Harding,1,0,0,1
KJ O'Brien,40,1,0,41
KJ Stagno,10,10,2,22
KJ Young,3,1,0,4
KK Acharjee,1,0,0,1
KK Ahmed,14,4,0,18
KK Cooper,31,4,0,35
KK Jennings,1,0,0,1
KK Lin Thu,7,1,0,8
KK Nair,58,9,0,67
KL Nagarkoti,9,0,0,9
KL Rahul,111,12,10,133
KM Asif,3,2,0,5
KM Jadhav,41,8,9,58
KM Jarvis,3,0,0,3
KMA Paul,47,2,0,49
KMDN Kulasekara,20,8,0,28
KNA Bandara,5,2,0,7
KO Meth,1,1,0,2
KO Wickham,1,1,0,2
KOA Powell,4,0,0,4
KOK Williams,15,1,0,16
KP Appanna,3,3,0,6
KP Kakad,1,0,0,1
KP Meiyappan,3,2,0,5
KP Pietersen,47,4,0,51
KR Ebanks,1,0,0,1
KR Jha,1,0,0,1
KR Kakade,2,0,0,2
KR Mayers,44,4,0,48
KR Patterson,33,2,0,35
KR Sen,4,1,0,5
KR Singh,5,0,0,5
KRP Silva,1,0,0,1
KS Airee,0,2,0,2
KS Bagabena,13,1,0,14
KS Bharat,38,8,8,54
KS Leverock,12,1,0,13
KS Lokuarachchi,1,0,0,1
KS Melius,2,0,0,2
KS Rathore,3,0,0,3
KS Sharma,1,0,0,1
KS Williamson,101,6,0,107
KSA McKenzie,4,1,0,5
KT Maphaka,5,0,0,5
KTK Rodrigo,2,1,0,3
KU Carty,3,0,0,3
KV Morea,4,2,0,6
KV Sharma,31,3,0,34
KW Richardson,59,9,0,68
KY Ottley,3,0,0,3
Kaif Ahmad,4,0,0,4
Kaleem Sana,9,3,0,12
Kaleemullah,4,2,0,6
Kalhan Challu,1,0,0,1
Kalyan Manne,0,1,0,1
Kamal Das,1,0,0,1
Kamal Raiz,1,0,0,1
Kamran Ahmadzai,6,3,0,9
Kamran Akmal,91,22,49,162
Kamran Ghulam,6,3,0,9
Kamran Khan,8,2,0,10
Kamran Khan (2),1,0,0,1
Kamran Shazad,2,0,0,2
Kamsha Yangfo,4,0,0,4
Kangabam Singh,4,1,0,5
Kanishk Seth,7,0,0,7
Kanwar Abhinay,4,0,0,4
Karan KC,23,2,0,25
Karan Kaila,4,0,0,4
Karan Lal,3,1,0,4
Karan Patel,3,2,0,5
Karan Shinde,2,0,0,2
Karanbir Singh,15,0,0,15
Karanveer Kaushal,3,0,0,3
Karanveer Singh,3,0,0,3
Karma Bhutia,2,0,0,2
Karma Dorji,0,1,0,1
Karnajit Yumnam,1,2,0,3
Karthik Raman,3,0,0,3
Kartik Tyagi,3,0,0,3
Karweng NG,2,0,0,2
Kashif Daud,4,0,0,4
Kashif Siddique,3,0,0,3
Kashyap Bakhale,4,0,0,4
Kaushal Kumar,2,2,1,5
Kaushik Maity,1,0,0,1
Kawsar Khan,1,0,0,1
Kengo Bam,1,0,0,1
Keshav Kumar,1,1,0,2
Khaibar Deldar,7,1,0,8
Khalid Ahmadi,8,4,0,12
Khalid Kail,2,0,0,2
Khalid Latif,8,1,0,9
Khalid Niazi,2,0,0,2
Khalid Shah,2,0,0,2
Khalid Usman,3,0,0,3
Khalid Zahid,7,5,0,12
Khan Arbaaz,0,1,0,1
Khandubhai Ahir,0,1,1,2
Khawaja Nafay,7,2,0,9
Khawar Ali,9,3,0,12
Khin Aye,4,1,0,5
Khizar Hayat,10,6,0,16
Khizer Ahmed,21,7,5,33
Khrievitso Kense,0,2,0,2
Khurram Chohan,1,0,0,1
Khurram Khan,2,0,0,2
Khurram Manzoor,1,0,0,1
Khurram Nawaz,5,0,0,5
Khurram Shahzad,5,1,0,6
Khushdil Shah,29,1,0,30
Kilco R Marak,2,0,0,2
Kim Daeyeon,2,0,0,2
Kiran Reddy,1,0,0,1
Kishan Lyngdoh,1,0,0,1
Kishan Parmar M,2,0,0,2
Kishan Thokchom,2,1,0,3
Kolla Sumanth,12,1,3,16
Kranthi Kumar,1,1,0,2
Krishan Alang,0,1,0,1
Krishna Das,3,0,0,3
Krishnamurthy Siddharth,2,1,0,3
Kshitij Patel,4,0,0,4
Kshitiz Sharma,2,0,0,2
Kukna Ajay Singh,1,0,0,1
Kuldeep,13,4,2,19
Kuldeep Gehi,2,0,0,2
Kuldeep Singh,1,0,0,1
Kuldeep Yadav,30,6,0,36
Kumar Deobrat,11,0,0,11
Kumar Kushagra,1,0,1,2
Kumar Suraj,2,0,0,2
Kunal Chandela,7,1,0,8
Kunal Mahajan,2,0,0,2
Kunwar Bidhuri,1,0,0,1
Kushal Malla,15,2,0,17
L Balaji,9,5,0,14
L Berthe,1,0,0,1
L Bonner,1,0,0,1
L Bruce,19,6,0,25
L Canessane,11,1,0,12
L Denny,8,0,0,8
L Emilio,6,4,3,13
L Erdenebulgan,3,0,0,3
L Gregory,17,1,0,18
L Guthrie,3,0,0,3
L Haskett,1,0,0,1
L Kamarlekar,4,1,0,5
L Karlsson,11,1,0,12
L Kishan Singha,1,2,0,3
L Lamin,5,2,0,7
L Maximo,2,1,2,5
L Nakomo,1,0,0,1
L Ngidi,11,3,0,14
L Nyarko,4,0,0,4
L Pope,4,0,0,4
L Ronchi,65,14,21,100
L Sanogo,2,0,0,2
L Scott,1,0,0,1
L Shafeeg,2,2,0,4
L Shaw,3,0,0,3
L Siaka,37,3,0,40
L Sipamla,4,0,0,4
L Tucker,55,7,10,72
L Vincent,1,3,0,4
L Ward,1,0,0,1
L Wood,10,5,0,15
L Yamamoto-Lake,9,3,0,12
LA Burns,5,0,0,5
LA Carseldine,4,0,0,4
LA Collado,2,0,2,4
LA Dawson,24,4,0,28
LA Doran,2,1,0,3
LA Dunbar,14,6,0,20
LA Musiani,3,0,0,3
LA Pomersbach,12,0,0,12
LA Simango,3,1,0,4
LAS Sebastien,1,0,0,1
LB Ferbrache,16,0,0,16
LB Williams,5,2,0,7
LC Hatcher,3,0,0,3
LD Chandimal,39,5,7,51
LD Hearne,1,0,0,1
LD Madushanka,1,0,0,1
LD Pfeffer,2,0,0,2
LE Bosman,1,1,0,2
LE Plunkett,9,1,0,10
LF Muller,6,0,0,6
LG Pretorius,5,1,0,6
LH Ferguson,24,4,0,28
LH Rodrigues,1,1,0,2
LI Meriwala,11,2,0,13
LI Salomone,1,0,0,1
LJ Barker,1,0,0,1
LJ Evans,26,3,1,30
LJ Myott,6,4,0,10
LJ Woodcock,1,0,0,1
LJ Wright,35,8,0,43
LJA Julien,1,1,0,2
LL Tsotsobe,2,1,0,3
LM Edward,1,0,0,1
LM Gabriel,0,1,0,1
LM Jongwe,15,2,0,17
LM Yadav,2,0,0,2
LMP Simmons,90,7,0,97
LN O'Connor,7,1,0,8
LN Oluoch,6,2,0,8
LN Rajbanshi,6,0,0,6
LP Kasturiarachchige,1,0,0,1
LPC Silva,8,3,0,11
LR Butterworth,2,0,0,2
LR Chethan,1,0,0,1
LR Gaonkar,1,1,1,3
LR Johnson,2,0,0,2
LR Morris,6,1,0,7
LR Naylor,1,0,0,1
LR Shukla,15,6,0,21
LRPL Taylor,83,4,0,87
LS Barkania,1,0,0,1
LS Boucher,6,0,0,6
LS Livingstone,77,4,0,81
LS Lugg,1,0,0,1
LSP Siriwardene,2,1,2,5
LT Bichard,8,0,0,8
LUVNITH SISODIA,3,1,4,8
LV van Beek,30,3,0,33
LW Feldman,2,0,0,2
LW Potthoff,1,0,0,1
Lagnajit Samal,0,1,0,1
Lakhan Singh,4,0,0,4
Lakshay Garg,8,6,0,14
Lakshit Gupta,8,3,0,11
Lalhmangaiha,3,0,0,3
Lalhriatrenga,1,0,0,1
Lalhruaizela,6,0,0,6
Lalit Yadav,41,7,0,48
Lalnunkima Varte,1,0,0,1
Lalrempuia,1,0,0,1
Lamabam Singh,3,0,0,3
Langlonyamba Meitan Keishangbam,5,0,0,5
Larry Sangma,5,1,0,6
Lavin Coster,4,0,1,5
Lee Kangmin,1,1,0,2
Lee Yong Lepcha,5,2,0,7
Lekhaz Reddy,0,1,0,1
Lemar Momand,3,0,0,3
Licha Tehi,1,0,0,1
Liton Das,63,6,14,83
Liyan Khan,0,1,0,1
Lokesh Bam,8,2,0,10
Lone Nasir Muzaffar,1,0,0,1
Luca Petre,2,0,0,2
Lucas Rossi,1,0,0,1
Lucky Ali,4,1,0,5
Luis Hermida,3,2,0,5
Luka Woods,5,0,0,5
Luqman Butt,14,1,0,15
M Abdulla,1,0,0,1
M Aboagye,1,1,0,2
M Akayezu,22,10,0,32
M Akhigbe,1,0,0,1
M Altankhuyag,1,0,0,1
M Ansari,0,1,0,1
M Ashwin,23,1,0,24
M Beardman,1,0,0,1
M Beitaki,4,4,3,11
M Bhanuka,6,0,0,6
M Boast,1,0,0,1
M Bryant,33,1,0,34
M Campopiano,7,0,0,7
M Chadha,15,1,0,16
M Charlie,1,0,0,1
M Choamba,4,1,0,5
M Clarke,4,0,0,4
M Coetzee,9,2,0,11
M Cohen,0,0,2,2
M Cope,6,2,0,8
M Dale-Bradley,2,0,0,2
M Deyal,18,0,0,18
M Dheeraj Kumar,2,0,0,2
M Dixit,5,1,0,6
M Faheem,1,0,0,1
M Faraz Akram,1,1,0,2
M Fontaine,1,0,0,1
M Gherasim,3,0,0,3
M Gilkes,20,10,1,31
M Gill,1,0,0,1
M Gogev,2,1,0,3
M Goonetilleke,1,0,0,1
M Gouws,1,1,0,2
M Govia,3,0,0,3
M Ibrahim,0,1,0,1
M Jansen,52,4,0,56
M Jele,1,0,0,1
M Jenkinson,1,0,0,1
M Jobarteh,4,2,0,6
M Kaif,16,1,0,17
M Kartik,18,3,0,21
M Kasselman,3,4,0,7
M Kelly,12,1,0,13
M Khojbariya,2,0,0,2
M Klinger,26,1,0,27
M Koli,1,3,0,4
M Kpaka,6,1,0,7
M Kristensen,1,0,0,1
M Kyriacou,1,0,0,1
M Labuschagne,13,1,0,14
M Levitt,6,1,0,7
M Louis,2,0,0,2
M Machado,3,2,0,5
M Magagula,1,3,0,4
M Manhas,21,2,0,23
M Mariyappan,2,1,0,3
M Markande,16,1,0,17
M Martin,1,0,0,1
M Matthew,1,0,0,1
M Mohammed,14,3,0,17
M Mooketsi,8,2,0,10
M Morkel,16,8,0,24
M Mosehle,6,1,2,9
M Muralitharan,17,4,0,21
M Ntini,3,4,0,7
M Ozturk,3,1,0,4
M Pathirana,11,1,0,12
M Perry,2,0,0,2
M Podosky,6,2,0,8
M Pranith,2,0,0,2
M Prasidh Krishna,17,3,0,20
M Pretorius,7,0,0,7
M Pushpakumara,1,0,0,1
M Raikes,1,0,0,1
M Rawat,21,9,5,35
M Sarenac,1,1,0,2
M Shahbaz Butt,3,0,0,3
M Shahrukh Khan,37,2,0,39
M Shumba,23,1,0,24
M Siddharth,4,0,0,4
M Simpson-Parker,12,2,1,15
M Sohel Patel,1,0,0,1
M Spoors,2,1,0,3
M Stanikzai,2,0,0,2
M Stoman,0,1,0,1
M Syahadat Ramli,5,3,0,8
M Taniyama,8,3,0,11
M Taylor,9,1,0,10
M Theekshana,22,2,0,24
M Thurgate,1,2,0,3
M Tiwari,2,0,0,2
M Vaik,10,4,2,16
M Van Buuren,7,1,0,8
M Vandrasi,3,0,0,3
M Vijay,53,1,0,54
M Vivekanandan,3,0,0,3
M Vohra,22,4,0,26
M Whelan,2,1,0,3
M Worndl,1,0,0,1
M Wright,12,1,0,13
M Yunusu Issa,11,3,0,14
M de Lange,6,1,0,7
M van Lingen,14,3,0,17
MA Agarwal,73,4,0,77
MA Baig,5,2,0,7
MA Beer,7,1,0,8
MA Carberry,4,0,0,4
MA Jones,11,2,0,13
MA Leask,38,6,0,44
MA Ouma,5,1,1,7
MA Sharma,1,1,1,3
MA Sherry,3,0,0,3
MA Starc,54,4,0,58
MA Wood,7,2,0,9
MB Kruger,6,2,0,8
MB Tambe,9,4,0,13
MB van Schelven,1,0,0,1
MBS Jonkman,1,0,0,1
MC Henriques,103,6,0,109
MC Juneja,8,0,0,8
MC Sorensen,8,1,0,9
MD Dai,2,2,0,4
MD Garratt,1,0,0,1
MD Gunathilaka,23,2,0,25
MD Ingale,3,0,0,3
MD Mishra,1,0,0,1
MD Patel,21,9,12,42
MD Rahmatullah,3,0,0,3
MD Shanaka,45,8,0,53
MDKJ Perera,23,5,7,35
ME Leoela,1,0,0,1
ME Trescothick,2,0,0,2
MEK Hussey,61,1,0,62
MF Hurst,6,0,1,7
MF Maharoof,5,3,0,8
MF Manjate,1,0,0,1
MFI Assuncao,3,1,0,4
MG Bracewell,19,1,0,20
MG Erasmus,37,12,0,49
MG Hogan,3,0,0,3
MG Johnson,27,6,0,33
MG Neser,47,4,0,51
MG Sirur,5,1,0,6
MH Cross,56,18,19,93
MH Oman,2,0,0,2
MH Wessels,3,0,0,3
MH Yardy,7,0,0,7
MJ Ackerman,2,0,0,2
MJ Ansell,7,4,0,11
MJ Clarke,14,1,0,15
MJ Cosgrove,2,0,0,2
MJ Guptill,123,5,0,128
MJ Hay,24,0,2,26
MJ Henry,5,1,0,6
MJ Humphreys,1,0,0,1
MJ Johnston,1,0,0,1
MJ Lumb,27,2,0,29
MJ McClenaghan,13,1,0,14
MJ North,5,0,0,5
MJ Owen,18,3,0,21
MJ Potts,2,0,0,2
MJ Prior,7,2,3,12
MJ Richardson,15,9,9,33
MJ Ross,1,0,0,1
MJ Santner,52,7,0,59
MJ Scotland,1,0,0,1
MJ Swepson,25,2,0,27
MJG Rippon,3,3,0,6
MJJ Critchley,1,0,0,1
MJM Kavana,0,1,0,1
MK Anafie,2,0,0,2
MK Gnanasekaram,2,0,0,2
MK Lomror,29,1,0,30
MK Mahale,1,0,0,1
MK Pandey,124,19,0,143
MK Thakur,2,1,0,3
MK Tiwary,61,6,0,67
ML Bojang,1,0,0,1
ML Castillo,3,1,0,4
ML Cummins,3,0,0,3
ML Hayden,16,3,0,19
ML Kostic,1,1,0,2
ML Lewis,1,0,0,1
MM Ali,58,8,0,66
MM Baig,7,2,0,9
MM Iqbal,1,0,0,1
MM Patel,12,3,0,15
MM Sharma,28,7,0,35
MMR Obili,2,1,0,3
MN Samuels,25,2,0,27
MN Singh,13,2,6,21
MN Waller,8,2,0,10
MN van Wyk,11,1,1,13
MNK Fernando,1,0,0,1
MNM Aslam,16,2,0,18
MO Jones,4,1,0,5
MO Kain,2,0,0,2
MO Kitunda,12,8,6,26
MP Ainsworth,3,0,0,3
MP Biddappa,3,1,1,5
MP Breetzke,15,2,0,17
MP Kuhnemann,21,1,0,22
MP O'Dowd,35,4,0,39
MP Stoinis,69,3,0,72
MP Yadav,3,0,0,3
MPGT Ketiyage,5,0,0,5
MPS Cheema,5,2,2,9
MR Adair,39,3,0,42
MR Day,1,0,0,1
MR Gillespie,1,1,0,2
MR Marsh,72,8,0,80
MR Raut,3,0,0,3
MR Swart,7,2,0,9
MRJ Watt,18,5,0,23
MS Akhil,3,0,0,3
MS Aulakh,1,0,0,1
MS Bhandage,4,0,0,4
MS Bisla,20,10,7,37
MS Chapman,31,1,0,32
MS Crane,1,0,0,1
MS Dhoni,217,78,88,383
MS Gony,7,3,0,10
MS Harris,20,2,0,22
MS Kasprowicz,2,0,0,2
MS Wade,145,40,17,202
MSS Hussain,1,0,0,1
MT Renshaw,35,1,0,36
MT Steketee,19,1,0,20
MTC Waller,1,0,0,1
MTMMJ Ave,22,1,2,25
MV Boucher,29,10,4,43
MV Pavlovic,3,1,0,4
MV Pithiya,0,1,0,1
MW Edwards,3,0,0,3
MW Forde,7,2,0,9
MW Harvey,29,2,0,31
MW Hill,6,0,0,6
MW Machan,4,0,0,4
MW Parkinson,1,0,0,1
MW Short,61,3,0,64
MWR Stokes,9,3,0,12
Ma Qiancheng,0,1,0,1
Maaz Khan,2,1,0,3
Maaz Sadaqat,1,0,0,1
Mabsar Abdulla,1,0,0,1
Madhav Kaushik,1,0,0,1
Mahedi Hasan,16,1,0,17
Mahmud Jasat,7,0,0,7
Mahmudul Hasan Joy,2,0,0,2
Mahmudullah,52,4,0,56
Mamoon Latif,2,0,0,2
Manan Ali,19,3,1,23
Manan Bashir,1,0,0,1
Manan Sharma,2,0,0,2
Mandeep Singh,57,5,0,62
Mandup Bhutia,7,1,0,8
Mangal Mahrour,9,0,0,9
Manik Gupta,1,0,0,1
Manisankar Murasingh,5,6,0,11
Manish Dogra,2,0,1,3
Manish Golamaru,2,0,0,2
Manish Sharma,1,0,0,1
Manjeet Singh,1,0,0,1
Manjot Kalra,1,0,0,1
Manoj Adhikari,3,2,4,9
Manoj Barik,3,0,0,3
Manoj Singh,3,0,0,3
Manpreet Singh,30,10,13,53
Mansoor Amjad,2,0,0,2
Mansoor Safi,6,0,0,6
Mansoor Shah,1,3,0,4
Manuel Iturbe,5,0,0,5
Manvan Patel,1,1,0,2
Manzoor Dar,1,0,0,1
Marimuthu Vikneshwaran,8,1,0,9
Mario Ovalle,1,0,0,1
Mark Ingty,2,0,0,2
Mashrafe Mortaza,8,4,0,12
Matiullah Khan,1,0,0,1
Mayank Dagar,15,4,0,19
Mayank Mishra,5,2,0,7
Mayank Nagayach,2,1,0,3
Mayank Raghav,2,0,0,2
Mayank Sidhana,2,0,0,2
Mazharul Islam,2,2,0,4
Md Ariyan,1,0,0,1
Md Nazim,1,0,0,1
Md Saptula,1,0,0,1
Md Shafiqul Haque,1,0,2,3
Meet Bhavsar,24,5,2,31
Mehboob Ali,1,0,0,1
Mehdi Hassan,3,0,0,3
Mehedi Hasan Miraz,14,1,0,15
Mehran Khan,11,2,0,13
Mehran Mumtaz,1,0,0,1
Mian Mehmood,1,0,0,1
Mickil Jaiswal,1,0,0,1
Mihir Hirwani,4,0,0,4
Milad Momend,3,1,0,4
Milind Kumar,30,7,0,37
Mir Hamza,6,2,0,8
Mirza Ahmed,6,0,0,6
Mirza Ahsan,1,0,0,1
Mirza Baig,3,0,0,3
Misbah-ul-Haq,25,4,0,29
Mitesh Patel,4,0,1,5
Mohamed Arief,5,2,0,7
Mohamed Azzam,15,5,5,25
Mohamed Coulibaly,1,0,0,1
Mohamed Khan,0,1,0,1
Mohamed Miuvaan,0,1,0,1
Mohamed Rishwan,8,0,1,9
Mohamed Shafeeq,6,5,0,11
Mohamed Shiyam,3,0,0,3
Mohameed Taiwo,15,1,0,16
Mohammad Aadil Alam,3,0,0,3
Mohammad Abrar,2,0,0,2
Mohammad Ahnaff,8,3,0,11
Mohammad Ali,3,1,0,4
Mohammad Amin,2,0,0,2
Mohammad Amir,18,6,0,24
Mohammad Amir Khan,1,0,0,1
Mohammad Asaduzzaman,1,0,0,1
Mohammad Asghar,9,1,0,10
Mohammad Ashraful,6,0,0,6
Mohammad Asif,2,1,0,3
Mohammad Atif,3,0,0,3
Mohammad Azab,1,0,0,1
Mohammad Boota,4,2,2,8
Mohammad Ghazanfar,4,0,0,4
Mohammad Hafeez,66,8,0,74
Mohammad Haris,49,4,4,57
Mohammad Hasnain,7,1,0,8
Mohammad Huraira,1,0,0,1
Mohammad Ihsan,5,4,3,12
Mohammad Ilyas,7,0,0,7
Mohammad Imran,1,0,0,1
Mohammad Irfan,9,1,0,10
Mohammad Irfan (4),3,0,0,3
Mohammad Kamran,5,0,0,5
Mohammad Mithun,8,1,0,9
Mohammad Nabi,58,2,0,60
Mohammad Nadeem,19,4,0,23
Mohammad Naim,24,0,0,24
Mohammad Naveed,3,1,0,4
Mohammad Nawaz,28,6,0,34
Mohammad Nawaz (3),42,1,0,43
Mohammad Rizlan,10,2,4,16
Mohammad Rizwan,139,31,28,198
Mohammad Saif,1,0,0,1
Mohammad Saifuddin,10,0,0,10
Mohammad Salman,1,1,1,3
Mohammad Sami,13,1,0,14
Mohammad Shahzad,1,0,0,1
Mohammad Tauqir,1,0,0,1
Mohammad Umar,1,0,0,1
Mohammad Usman,0,1,0,1
Mohammad Wasim,35,5,0,40
Mohammad Yousuf,1,0,0,1
Mohammed Azharuddeen,21,2,1,24
Mohammed Faraazuddin,1,0,0,1
Mohammed Irshad,3,1,0,4
Mohammed Mudhasir,2,0,0,2
Mohammed Nadeem,7,0,0,7
Mohammed Qasim,1,0,0,1
Mohammed Shami,23,12,0,35
Mohammed Siraj,46,10,0,56
Mohammed Taha,0,1,0,1
Mohit Ahlawat,2,2,0,4
Mohit Avasthi,3,3,0,6
Mohit Jangra,6,2,0,8
Mohit Kumar,1,1,0,2
Mohit Mittan,1,0,0,1
Mohit Mongia,2,0,0,2
Mohsin Khan,6,1,0,7
Mominul Haque,3,0,0,3
Monu Kumar,3,1,0,4
Mosaddek Hossain,11,0,0,11
Moshiur Rahman,1,0,0,1
Mrinmoy Dutta,1,0,0,1
Mrittunjoy Chowdhury,1,0,0,1
Mrunal Devdhar,17,2,0,19
Mubasir Khan,7,0,0,7
Mudassar Bukhari,9,4,0,13
Mudassir Iqbal,3,0,0,3
Mughavi Wotsa,2,0,0,2
Muhaddis Muhaddis,1,0,0,1
Muhammad Afis,1,0,0,1
Muhammad Akhlaq,6,0,0,6
Muhammad Amin,2,0,0,2
Muhammad Amir,20,2,0,22
Muhammad Burhan,2,0,0,2
Muhammad Fahim,3,1,0,4
Muhammad Faizan,1,0,0,1
Muhammad Farooq,2,0,0,2
Muhammad Jabir,5,0,0,5
Muhammad Jawadullah,1,3,0,4
Muhammad Kaleem,1,0,0,1
Muhammad Kashif,1,0,0,1
Muhammad Khan,1,0,0,1
Muhammad Moiz,6,1,0,7
Muhammad Muneeb,5,2,0,7
Muhammad Murad,2,0,0,2
Muhammad Musa,3,0,0,3
Muhammad Nadir,9,2,0,11
Muhammad Naeem,7,0,0,7
Muhammad Safdar,4,0,1,5
Muhammad Saleem,3,0,0,3
Muhammad Salman,2,0,0,2
Muhammad Saqib,1,0,0,1
Muhammad Shahzad,6,0,0,6
Muhammad Shoaib Ahmed,1,0,0,1
Muhammad Siddiqui,3,0,0,3
Muhammad Tahir,0,1,0,1
Muhammad Tanveer,14,3,0,17
Muhammad Umar,10,1,0,11
Muhammad Usman,12,0,0,12
Muhammad Wafiq,3,1,0,4
Muhammad Yasin,1,0,0,1
Muhammad Younis,1,0,0,1
Muhammad Zohaib,1,0,0,1
Muhammed Manga,1,0,0,1
Muhammet Bicer,1,0,0,1
Mujeeb Ur Rahman,19,1,0,20
Mujeeb-ur-Rehman,1,1,0,2
Mujibur Ali,1,0,0,1
Mujtaba Yousuf,1,1,0,2
Mukesh Choudhary,3,0,0,3
Mukesh Kumar,8,6,0,14
Mukhtar Ahmed,3,0,0,3
Mukhtar Ghulami,12,0,0,12
Mukhtar Hussain,2,2,0,4
Munim Shahriar,1,0,0,1
Munir Dar,2,0,0,2
Murat Ipek,2,0,0,2
Murat Yilmaz,2,0,0,2
Murid Ekrami,4,0,0,4
Murtaza Yamin,1,0,0,1
Musa Shaheen,10,1,0,11
Musaddiq Ahmed,4,2,0,6
Musawar Shah,2,0,0,2
Mushfiqur Rahim,47,16,32,95
Muslim Yar,12,3,0,15
Mustafa Omer,2,0,0,2
Mustafizur Rahman,28,3,0,31
Muzammil Shahzad,3,0,0,3
Myat Thu Aung,2,0,0,2
N A Sharma,9,1,0,10
N Acawei,3,0,0,3
N Advani,2,0,0,2
N Ahir,4,0,0,4
N Brand,1,0,0,1
N Burger,7,1,0,8
N Chejay,2,0,1,3
N Davidovic,1,0,0,1
N Davin,20,0,0,20
N Deonarine,2,0,0,2
N Dickwella,16,0,1,17
N Dutta,4,1,0,5
N Gnanapragasam,1,0,0,1
N Henderson,3,2,0,5
N Jagadeesan,14,0,3,17
N Katechis,3,0,0,3
N Khanna,8,1,0,9
N Knights,3,1,0,4
N Krishna,1,0,0,1
N Kushwah,1,0,0,1
N M'shangwe,2,0,0,2
N Madziva,2,0,0,2
N Mapunda,3,0,3,6
N Master,1,0,0,1
N McAndrew,24,2,0,26
N Mugabe,1,0,0,1
N Naranbaatar,4,1,0,5
N Nipiko,3,1,0,4
N Nuntarach,15,1,0,16
N Peter,1,1,0,2
N Pokana,5,0,0,5
N Pooran,184,22,26,232
N Pradeep,1,0,0,1
N Rana,44,1,0,45
N Saini,16,3,3,22
N Salekar,3,1,0,4
N Senamontree,5,1,0,6
N Sindhu,2,1,0,3
N Tanner,2,1,0,3
N Thushara,2,1,0,3
N Vanua,18,4,0,22
N Wadhera,12,1,0,13
N Wijesekera,2,0,0,2
N Zimonjic,3,1,0,4
N van Heerden,1,0,0,1
NA Gordon,3,0,0,3
NA Greenwood,9,3,0,12
NA Maiolo,1,0,0,1
NA McSweeney,9,1,0,10
NA Rathva,18,6,0,24
NA Rock,16,3,2,21
NB Singh,1,0,0,1
NCK Liyanage,1,0,0,1
NCR Larkin,23,0,0,23
ND Buchanan,2,0,0,2
ND Laegsgaard,12,1,0,13
ND McKenzie,2,0,0,2
ND Stewart,3,0,0,3
NE Bonner,9,0,0,9
NF Kelly,1,0,0,1
NG Collins,3,3,0,6
NG Jones,1,0,0,1
NJ Astle,1,0,0,1
NJ Ferraby,2,0,0,2
NJ Maddinson,50,2,0,52
NJ O'Brien,13,8,7,28
NJ Reardon,13,1,0,14
NJ Rimmington,10,7,0,17
NJA Smith,0,1,0,1
NK Aneesh Kumar,8,0,0,8
NK Patel,13,1,0,14
NK Singh,2,0,0,2
NK Tiwari,3,1,0,4
NK Yadav,3,1,0,4
NL McCullum,28,5,0,33
NL Smith,3,0,0,3
NLTC Perera,57,19,0,76
NM Carter,1,0,0,1
NM Coulter-Nile,45,4,0,49
NM Hauritz,13,1,0,14
NM Lyon,10,1,0,11
NM Odhiambo,4,4,0,8
NM Salonen,5,2,0,7
NMS Param,1,0,0,1
NN Banner,3,0,0,3
NN Bhute,1,0,0,1
NN Odhiambo,5,3,0,8
NN Sen,4,1,0,5
NN Sen Chowdhary,4,0,0,4
NO Miller,3,0,0,3
NP Kenjige,5,3,0,8
NP Winter,1,0,0,1
NR Hobson,26,2,0,28
NR Johns-Wickberg,2,1,0,3
NR Kirton,11,8,0,19
NR Kumar,19,1,0,20
NR Narah,1,0,0,1
NRJ Croes,13,0,0,13
NRJ Young,10,0,0,10
NS Chaturved,2,3,0,5
NS Dhaliwal,15,2,0,17
NS Naik,18,3,8,29
NS Poonia,1,0,0,1
NS Sharma,1,0,0,1
NSK Mehta,5,1,0,6
NT Broom,4,0,0,4
NT Ellis,39,4,0,43
NV Ojha,73,26,14,113
NW Bracken,5,0,0,5
Nabam Tempol,2,0,0,2
Nabi Gul,1,0,0,1
Nadeem Ahmed,8,0,0,8
Naeem Gull,2,0,0,2
Naeem Islam,2,0,0,2
Nagaho Chishi,3,1,0,4
Nahid Rana,1,0,0,1
Najibullah Zadran,7,1,0,8
Najjam Shahzad,14,0,0,14
Nakul Sharma,8,0,0,8
Nakul Verma,16,2,3,21
Nalin Mishra,0,1,0,1
Naman Dhir,18,1,0,19
Namgay Thinley,3,4,0,7
Naren Reddy,1,0,0,1
Narsingh Yadav,5,1,1,7
Naseem Khan,1,0,0,1
Naseem Khushi,19,3,4,26
Naseem Shah,14,2,0,16
Nasir Hossain,17,1,0,18
Nasir Jamshed,6,1,0,7
Nasir Nawaz,1,0,0,1
Nasrulla Rana,11,2,0,13
Nasum Ahmed,7,0,0,7
Natim Hassam,3,0,0,3
Nauman Ali,1,0,0,1
Nauman Anwar,1,0,0,1
Naushad Shaikh,20,2,1,23
Navdeep Saini,19,1,0,20
Naved Yasin,1,0,0,1
Naved-ul-Hasan,3,1,0,4
Naveed Ahmed,2,1,0,3
Naveed Fakhr,1,0,0,1
Naveed Shahid,1,1,0,2
Naveen-ul-Haq,18,4,0,22
Nawaf Ahmed,3,1,0,4
Nawazish Akhtar,8,2,1,11
Nay Lin Htun,1,0,0,1
Nazakat Ali,1,0,0,1
Nazeeb Saiyed,2,1,0,3
Nazim Siddiqui,3,0,0,3
Nazir Patel,0,1,0,1
Nazmul Hossain Shanto,35,3,0,38
Nazmul Islam,2,0,0,2
Nazmus Sakib,2,0,3,5
Nazril Rahman,6,0,0,6
Nazwan Ismail,4,0,0,4
Neelam Obi,2,0,0,2
Neetesh Sharma,1,0,0,1
Nestor Dhamba,1,0,0,1
Ngawang Thinley,2,0,0,2
Nikhil Chaudhary,6,0,0,6
Nikhil Gangta,7,0,0,7
Nikhilesh Surendran,3,0,0,3
Nilansh Keswani,3,0,0,3
Nilesh Lamichaney,1,1,0,2
Nimish Lathief,7,0,0,7
Ninad Kadam,1,0,0,1
Nitesh Gupta,0,1,0,1
Nitesh Sedai,5,1,0,6
Nithish Kumar Reddy,17,2,0,19
Nitin Tanwar,3,1,0,4
Nitin Yadav,2,1,0,3
Niv Nagavkar,6,0,0,6
Niyas Pullariyil,1,0,0,1
Nizakat Khan,55,1,0,56
Noah Mead,2,0,0,2
Noman Amjad,3,1,0,4
Noor Ahmad,12,1,0,13
Noorkhan Ahmedi,5,0,0,5
Nooruddin Mujadady,1,0,0,1
Nouman Sarwar,4,0,0,4
Nurul Hasan,30,8,10,48
Nyeing Cham Soe,1,1,0,2
O Bascome,9,1,2,12
O Casasola,2,0,0,2
O Davies,16,1,0,17
O Isesele,2,0,0,2
O Lutbayar,4,0,0,4
O Manishimwe,16,7,0,23
O Muzondo,1,0,0,1
O Olaleye,4,2,0,6
O Peters,2,0,0,2
O Thomas,8,0,0,8
O Touray,1,0,0,1
O Tuyisenge,19,8,0,27
OA Shah,22,1,0,23
OB Nightingale,4,0,0,4
OC McCoy,12,4,0,16
OD Hald,13,2,0,15
OE Newey,2,0,0,2
OE Taylor,3,0,0,3
OEG Baartman,7,1,0,8
OF Smith,31,6,0,37
OGL Bascome,7,1,1,9
OH Agbomadzie,2,3,0,5
OJ Hairs,4,0,0,4
OJ Herrington,2,0,0,2
OJ Pope,5,0,3,8
OJ Webster,3,0,0,3
OK Mohamed,1,0,0,1
OO Bascome,1,0,0,1
OP Stone,1,0,0,1
OR Willis,1,0,1,2
Obed Yosef,3,0,0,3
Oliver Clapham,1,0,0,1
Omair Yousuf,4,0,0,4
Omar Hayat,1,0,0,1
Omar Hussain,2,0,0,2
Omar Rassol,5,4,0,9
Omid Mailk Khel,1,0,0,1
Omid Shafi Rahman,0,1,0,1
Osama Mahmood,4,2,0,6
Osman Khan,1,0,0,1
Ousman Bah,1,0,0,1
Owais Ahmed,1,1,0,2
P Abanda,1,1,0,2
P Agnihotri,2,0,0,2
P Aho,7,1,0,8
P Amarnath,2,0,0,2
P Arrighi,1,0,0,1
P Awana,4,1,0,5
P Baghel,1,0,0,1
P Baron,9,4,1,14
P Bhart,1,0,0,1
P Bosnjak,2,0,0,2
P Buccimazza,1,0,0,1
P Byron,1,0,0,1
P Cabebula,3,2,0,5
P Chin,1,0,0,1
P Chopra,23,4,0,27
P Dakainivanua,0,1,0,1
P Deol,1,0,0,1
P Dhiman,3,0,0,3
P Dogra,23,1,0,24
P Dubey,12,5,0,17
P Florin,1,0,0,1
P Gheewala,2,2,0,4
P Hatchman,3,0,0,3
P Hatzoglou,16,1,0,17
P Heron,2,0,0,2
P Hingorani,3,1,0,4
P Jayawickrama,1,0,0,1
P Jayeshbhai Patel,0,5,0,5
P Karia,1,0,0,1
P Khadka,15,1,0,16
P Khari,3,0,0,3
P Koech,7,1,0,8
P Kumar,15,8,0,23
P Kumbhare,0,2,0,2
P Kurup,23,7,1,31
P Malav,3,3,0,6
P Manning,4,0,0,4
P Mishra,3,1,0,4
P Murungi,14,2,0,16
P Nedeljkovic,1,0,0,1
P Negi,26,8,0,34
P Nissanka,15,3,0,18
P Pirabakaran,1,0,0,1
P Prafullomani,1,0,0,1
P Prasanth,1,0,0,1
P Pushparajan,4,0,0,4
P Pustoslemsek,2,0,0,2
P Ray Barman,1,0,0,1
P Rowe,0,0,1,1
P Sadev,2,0,0,2
P Sarraf,4,0,0,4
P Sharma,2,1,0,3
P Silas,20,3,0,23
P Simran Singh,25,2,11,38
P Suanchuai,5,5,2,12
P Subrayen,2,1,0,3
P Suman Bhai Ahir,3,2,0,5
P Suyal,1,0,0,1
P Syafiq Ali,1,0,0,1
P Taylor,1,0,0,1
P Thamaraikannan,4,0,0,4
P Thongsa,4,1,0,5
P Useni,6,0,0,6
P Utseya,4,1,0,5
P Vekaria,3,1,0,4
P Yevugah,1,0,0,1
P Zuze,7,4,0,11
PA Jaques,1,0,0,1
PA Nixon,0,1,1,2
PA Patel,81,26,21,128
PA Raikes,4,0,0,4
PA Reddy,7,2,0,9
PA van Meekeren,22,2,0,24
PADLR Sandakan,5,0,0,5
PB Gouge,4,0,1,5
PB Mehta,1,0,0,1
PBB Rajapaksa,25,1,0,26
PC Connell,2,0,0,2
PC Valthaty,3,0,0,3
PC de Silva,1,0,0,1
PD Blignaut,1,0,0,1
PD Collingwood,18,5,0,23
PD Hennessy,1,0,0,1
PD McGlashan,9,5,0,14
PD Salt,104,13,6,123
PE Kruger,10,0,0,10
PF Gallagher,6,5,0,11
PF Younghusband,1,0,0,1
PG Dooley,2,0,0,2
PG Fulton,4,2,0,6
PG Wintz,1,0,0,1
PHKD Mendis,18,1,0,19
PI Solanki,1,2,0,3
PI Walter,12,0,0,12
PJ Bhati,2,0,0,2
PJ Cummins,45,5,0,50
PJ Forrest,12,1,0,13
PJ Hughes,4,0,0,4
PJ Ingram,1,0,0,1
PJ Moor,4,0,0,4
PJ Sangwan,16,4,0,20
PJ van Biljon,1,0,0,1
PK Dimitri,0,1,0,1
PK Garg,20,1,0,21
PK Matautaava,12,1,0,13
PK Mohanarangam,5,2,0,7
PKD Chase,4,0,0,4
PL Mommsen,8,0,0,8
PM Liyanagamage,4,0,0,4
PM Nevill,17,18,9,44
PM Seelaar,32,3,0,35
PM Siddle,16,4,0,20
PN Mankad,23,3,0,26
PP Chawla,50,10,0,60
PP Ojha,15,3,0,18
PP Shaw,26,0,0,26
PR Brown,4,0,0,4
PR Rekhade,1,0,0,1
PR Shah,18,3,7,28
PR Stirling,36,4,0,40
PR Surve,5,1,0,6
PR Yadav,1,0,0,1
PRP Boissevain,2,0,0,2
PS Airee,5,0,1,6
PS Athavale,13,3,7,23
PS Kumar,0,1,0,1
PS Roberts,3,0,0,3
PSP Handscomb,46,3,9,58
PV Naringrekar,2,0,0,2
PV Tambe,5,0,0,5
PV Vuniwaqa,5,1,0,6
PVD Chameera,9,3,0,12
PVSN Raju,1,0,0,1
PW Borren,29,6,0,35
PWA Mulder,19,5,0,24
PWH de Silva,34,4,0,38
PY Pawar,4,2,1,7
Padam Limboo,1,0,0,1
Paing Danu,5,1,0,6
Pallav Kumar Das,13,1,0,14
Palzor Tamang,3,0,0,3
Pankaj Jaswal,5,1,0,6
Pankaj Kumar,3,0,0,3
Pankaj Rao,2,0,0,2
Pankaj Shaw,3,0,0,3
Pankaj Singh,2,0,0,2
Pappu Roy,1,1,0,2
Parameeswaran Sivaraman,2,0,0,2
Paras Sehrawat,3,0,0,3
Pardeep Yadav,1,0,0,1
Paresh Patel,2,1,0,3
Pargat Singh,6,0,0,6
Parikshit Valsangkar,3,0,0,3
Parivesh Dhar,1,0,0,1
Parmesh Vaidik,1,0,0,1
Parth Bhut,3,0,0,3
Parth Chauhan,3,0,0,3
Parth Kohli,2,0,0,2
Parth Sahani,16,3,0,19
Parveen Kumar,3,1,0,4
Parvez Ahmed,9,0,0,9
Parvez Hossain Emon,2,0,0,2
Parvez Rasool,15,3,0,18
Parvez Sultan,1,0,0,1
Parvindar Kumar,7,2,0,9
Pavan Deshpande,6,0,0,6
Pavandeep Singh,14,1,0,15
Pawan Shah,2,0,0,2
Phon Bunthean,1,0,0,1
Pinninit Tapaswi,1,0,0,1
Piyush Joshi,4,0,0,4
Piyush Singh,1,0,0,1
Piyush Tanwar,0,2,0,2
Ponnan Rahul,1,0,0,1
Prabesh Gurung,1,1,0,2
Prabin Luha,2,0,1,3
Pradeep Chamoli,1,0,0,1
Pradeep Dadhe,1,0,0,1
Pradipta Pramanik,4,1,0,5
Pragnay Reddy,2,0,2,4
Pramod Chandila,9,0,0,9
Pranshu Vijayran,2,3,0,5
Prasad Anish,2,0,0,2
Prashant Awasthi,3,0,0,3
Prashant Gupta,7,0,0,7
Prashant Shukla,0,1,0,1
Prashant Singh,1,0,0,1
Prashanth Kumar,4,2,0,6
Pratham Singh,11,0,0,11
Pratik Agnihotri,1,0,0,1
Pratik Desai,4,1,0,5
Pratik Singh Bais,4,1,0,5
Pratis GC,2,0,0,2
Pratyush Singh,6,0,0,6
Praveen Santhanakrishnan,6,0,2,8
Prayas Singh,2,0,0,2
Prince Yadav,2,2,0,4
Pritam Das,3,2,0,5
Pritam Nirala,1,0,0,1
Priyank Panchal,17,1,0,18
Priyansh Arya,11,1,0,12
Pulkit Narang,1,1,0,2
Puneet Arora,1,0,0,1
Puneet Datey,7,2,0,9
Punit Bisht,10,2,2,14
Pyae Phyo Wai,4,0,0,4
Q de Kock,203,39,47,289
Qadeer Ahmed,2,2,0,4
Qais Ahmad,17,0,0,17
Qamar Mushtaque,11,2,0,13
Qamran Iqbal,1,0,0,1
Qasim Akram,7,1,0,8
Qasim Anwar,0,1,0,1
Qudratullah Mir Afzail,1,0,0,1
R Abdulkareem,12,7,0,19
R Ahir,1,0,0,1
R Ankad,4,1,0,5
R Ashwin,56,11,0,67
R Athapaththu,2,1,0,3
R Baaleri,4,0,0,4
R Bakum,9,1,0,10
R Baruah,1,0,0,1
R Bhatia,30,8,0,38
R Bishnoi,9,0,0,9
R Chopra,15,2,0,17
R Coker,4,5,0,9
R Dhakal,5,0,0,5
R Dhawan,20,6,0,26
R Dianish,4,3,0,7
R Drake,5,1,0,6
R Dravid,18,8,0,26
R Escobar,3,2,1,6
R Francis,1,0,0,1
R Frylinck,1,0,0,1
R Galgalikar,1,0,0,1
R Gaznavi,3,1,0,4
R Goodwin,2,0,0,2
R Gowthaman,1,0,0,1
R Goyal,1,0,0,1
R Hashu,3,1,0,4
R Hekure,6,3,0,9
R Herrmann,1,0,0,1
R Heyns,2,0,0,2
R Kalimuthu,1,0,0,1
R Klein,4,1,0,5
R Kumar,4,0,0,4
R Lutaaya,3,0,0,3
R Mangal,4,1,0,5
R Mazumder,7,0,0,7
R Mbaiwa,3,2,3,8
R McLaren,8,2,0,10
R Mupfudza,3,0,1,4
R Murray,1,0,0,1
R Mutumbami,18,2,8,28
R Nath,5,3,0,8
R Nehonde,13,3,0,16
R Ngarava,11,5,0,16
R Nil,1,0,0,1
R Ninan,1,0,0,1
R Obuya,13,0,0,13
R Olipa,1,0,0,1
R Panchal,7,0,0,7
R Parag,61,4,0,65
R Parkin,0,1,0,1
R Patten,1,0,0,1
R Pillai,1,0,0,1
R Pisal,2,0,0,2
R Poojary,8,3,0,11
R Powell,133,4,0,137
R Rampaul,12,0,0,12
R Ravindra,23,1,0,24
R Rohan,8,1,0,9
R Rohit,1,1,0,2
R Sai Kishore,16,1,0,17
R Sakurano-Thomas,7,1,0,8
R Sandaruwan,15,7,0,22
R Sanjay Yadav,15,1,0,16
R Satheesan,13,2,0,15
R Sathish,11,7,0,18
R Sekaran,4,2,0,6
R Sharma,17,2,0,19
R Shepherd,34,4,0,38
R Sheshadri,1,0,0,1
R Shukla,13,3,0,16
R Siriwardena,2,0,0,2
R Smith,0,1,0,1
R Tanna,0,1,0,1
R Tari,12,3,0,15
R Tewatia,58,4,0,62
R Thapliyal,2,0,0,2
R Trumpelmann,12,2,0,14
R Vinay Kumar,41,17,0,58
R Walker,3,0,0,3
RA Abolarin,2,0,0,2
RA Bawa,3,1,0,4
RA Bhatti,1,0,0,1
RA Clarke,3,3,2,8
RA Herman,4,0,0,4
RA Jadeja,128,34,0,162
RA Lewis,2,0,0,2
RA Reifer,19,0,0,19
RA Sealy,10,2,2,14
RA Tappin,1,0,0,1
RA Thomas,2,0,0,2
RA Tripathi,61,2,0,63
RA Whiteley,3,0,0,3
RAS Lakmal,3,0,0,3
RB Patel,5,1,0,6
RD Atangana,1,0,0,1
RD Banik,1,0,0,1
RD Berrington,20,4,0,24
RD Chahar,30,2,0,32
RD Gaikwad,65,1,0,66
RD John,3,2,0,5
RD McCann,1,0,2,3
RD Rickelton,32,10,9,51
RDB Ahir,4,1,0,5
RE Levi,6,0,0,6
RE van der Merwe,38,7,0,45
RG Aga,5,1,0,6
RG More,4,0,0,4
RG Mukasa,27,2,0,29
RG Sharma,173,16,0,189
RGA Amah,1,0,0,1
RGL Carters,26,2,2,30
RH Bhatt,2,1,0,3
RH McDonald,1,0,0,1
RI Thakur,2,0,0,2
RJ Campbell,2,1,0,3
RJ Gibson,13,1,0,14
RJ Gleeson,5,0,0,5
RJ Harris,19,1,0,20
RJ Hatchman,1,0,0,1
RJ Nicol,4,1,0,5
RJ Peterson,11,1,0,12
RJ Pierre,2,0,0,2
RJ Quiney,22,0,0,22
RJ Ramjiawan,1,0,0,1
RJ Sidebottom,3,2,0,5
RJ Trott,2,0,0,2
RJG Lockyear,2,0,0,2
RJG Palmer,1,0,0,1
RJMGM Rupasinghe,1,0,0,1
RJW Topley,10,1,0,11
RK Bhui,7,2,0,9
RK Kiseto,5,0,0,5
RK Kleinveldt,1,0,0,1
RK Paudel,36,6,0,42
RK Singh,82,4,0,86
RL Bhudia,1,0,0,1
RL Chase,32,4,0,36
RL Jangid,9,1,0,10
RM Dagar,2,0,0,2
RM Dorji,4,3,0,7
RM Duffield,2,0,0,2
RM Haq,3,0,0,3
RM Hira,2,0,0,2
RM Koda,10,3,0,13
RM Magare,1,0,0,1
RM Patidar,29,0,0,29
RM Siri,2,0,0,2
RM West,1,0,0,1
RML Taylor,7,0,0,7
RMS Eranga,1,0,0,1
RN Gurbani,4,2,0,6
RN Lewis,1,0,0,1
RN Patel,27,3,0,30
RN ten Doeschate,9,3,0,12
RO Cato,1,0,0,1
ROC Dunka,3,0,0,3
RP Burl,39,1,0,40
RP Meredith,20,2,0,22
RP Mitchell,1,0,0,1
RP Sharma,17,2,3,22
RP Singh,31,10,0,41
RR Ayre,1,0,0,1
RR Bastiansz,3,0,0,3
RR Beaton,12,0,0,12
RR Behera,4,0,0,4
RR Bhatkal,1,0,0,1
RR Biswa,3,0,0,3
RR Emrit,14,0,0,14
RR Hendricks,58,0,0,58
RR Joshi,1,1,0,2
RR Pant,139,18,38,195
RR Patel,39,5,0,44
RR Powar,5,0,0,5
RR Raje,4,2,0,6
RR Rathod,5,1,0,6
RR Rossouw,78,8,0,86
RR Sarwan,11,2,0,13
RR Saun,2,0,0,2
RR Sharan,3,0,0,3
RR Simmonds,2,0,0,2
RR Singh,3,1,0,4
RR Watson,3,1,0,4
RRS Cornwall,5,1,0,6
RS Bopara,32,4,0,36
RS Morton,2,1,0,3
RS Primus,11,0,0,11
RS Sodhi,2,0,0,2
RT Arothe,6,0,0,6
RT Lyons,0,1,0,1
RT Ponting,13,2,0,15
RTM Mendis,2,0,0,2
RV Gomez,8,1,0,9
RV Patel,9,1,0,10
RV Uthappa,104,48,33,185
RW Chakabva,26,9,3,38
RW Price,2,0,0,2
RWT Key,1,0,0,1
Raag Kapur,2,0,0,2
Raaz Mohammad,4,0,0,4
Rafiulah Alokozai,4,0,0,4
Rafiullah,18,0,0,18
Raghav Dhawan,6,0,0,6
Raghu Sharma,1,0,0,1
Rahat Ali,5,1,0,6
Rahel Khan,1,0,0,1
Rahil Shah,6,0,0,6
Rahman Ademi,0,1,0,1
Rahmanullah Gurbaz,30,5,2,37
Rahmatullah Mangal,15,3,0,18
Rahul Batham,3,0,0,3
Rahul Buddhi,3,0,0,3
Rahul Dalal,3,0,2,5
Rahul Kumar,0,1,0,1
Rahul Singh,14,3,0,17
Raja Adeel,2,3,0,5
Raja Shoaib,2,0,1,3
Rajashekhar Harikant,5,0,1,6
Rajat Dey,4,4,0,8
Rajat Paliwal,14,4,0,18
Rajdeep Darbar,1,0,0,1
Rajendran Vivek,2,0,0,2
Rajesh Dhuper,11,0,7,18
Rajesh Mohanty,2,1,0,3
Rajesh Sharma,2,0,0,2
Rajesh Singh,2,1,0,3
Rajiv Darjee,1,0,0,1
Rajjakuddin Ahmed,18,0,0,18
Rakesh Kumar,1,0,0,1
Rakesh Thakur,11,1,1,13
Rakibul Hasan,2,0,0,2
Ram Dayal,1,1,0,2
Ram Krishan,0,1,0,1
Ramachandran Ragupathy,2,1,0,3
Ramandeep Singh,27,2,0,29
Ramanjot Singh,1,0,0,1
Rameez Shahzad,5,0,0,5
Rana Dutta,3,2,0,5
Ranjeet Mali,2,0,0,2
Ranjeet Nikam,8,0,0,8
Raqibul Hasan,1,0,0,1
Rasheed Ali Mamadkhel,5,0,0,5
Rashid Hashmi,1,0,0,1
Rashid Khan,89,8,0,97
Rasikh Salam,7,2,0,9
Raushan Raj,0,1,0,1
Ravi Bishnoi,51,8,0,59
Ravi Chauhan,11,0,0,11
Ravi Kiran,4,0,0,4
Ravi Teja,3,1,0,4
Ravikumar Samarth,4,1,0,5
Ravikumar Thakur,1,1,0,2
Ravinder Singh,1,0,0,1
Ravinderpal Singh,24,0,0,24
Rayhaan Ahmed,1,0,1,2
Raza Hasan,1,0,0,1
Raza Iqbal,8,2,0,10
Raza-ur-Rehman,2,0,0,2
Razmal Shigiwal,14,1,0,15
Rehan Ahmed,1,2,0,3
Rehman Abdul,2,0,0,2
Remruatdika Ralte,2,0,0,2
Rex Rajkumar,5,3,0,8
Rhys Burinaga,4,1,0,5
Riaz Afridi,2,1,0,3
Riazat Ali Shah,25,7,0,32
Rinsangzela Hmamte,0,1,0,1
Rishabh Chouhan,10,2,0,12
Rishabh Tiwari,6,0,0,6
Rishad Hossain,19,3,0,22
Rishav Das,4,0,0,4
Ritik Tomar,12,0,0,12
Ritwik Roy Chowdhury,14,2,0,16
Rizwan Butt,12,4,0,16
Rizwan Cheema,6,0,0,6
Rizwan Haider,4,2,0,6
Rizwan Hussain,2,0,0,2
Rizwan Mahmood,2,0,0,2
Robert Raina,5,0,0,5
Robin Bist,5,0,0,5
Robiul Islam,0,1,0,1
Rohail Nazir,6,3,1,10
Rohan Bhavesh Patel,1,0,0,1
Rohan Kadam,8,0,0,8
Rohan Kunnummal,5,1,0,6
Rohan Mustafa,16,3,0,19
Rohan Prem,6,1,0,7
Rohit Dahiya,5,0,0,5
Rohit Dhruw,1,0,0,1
Rohit Kumar,0,2,0,2
Rohit Rayudu,4,0,0,4
Rohit Shah,2,0,0,2
Romario Sharma,1,0,0,1
Ronald Ebanks,1,0,0,1
Rongsen Jonathan,4,4,0,8
Ronitkumar Ahir,0,1,0,1
Rony Talukdar,2,0,1,3
Roosh Kalaria,5,0,0,5
Rosan Kumar Rao,1,0,1,2
Roshan Alam,4,0,0,4
Royston Dias,1,0,0,1
Rubel Hossain,1,1,0,2
Rudolph Fox,3,0,0,3
Rumman Raees,11,2,0,13
Rupesh Singh,2,0,0,2
S Anirudha,12,2,0,14
S Arachchige,1,0,0,1
S Aravind,8,2,0,10
S Ashwathnarayana,6,2,0,8
S Austin,17,2,0,19
S Badree,23,3,0,26
S Badrinath,16,5,0,21
S Banamali,0,1,0,1
S Bangera,1,0,0,1
S Bau,23,1,0,24
S Bodha,6,0,0,6
S Bogdos,2,1,1,4
S Browne,2,0,0,2
S Chanderpaul,7,1,0,8
S Chandramohan,36,2,0,38
S Chaudhary,3,0,0,3
S Chophel,0,1,1,2
S Conteh,5,1,0,6
S Cotter,4,2,0,6
S Crowie,2,1,0,3
S Dadswell,8,0,0,8
S Davizi,12,2,0,14
S Descarte,6,0,0,6
S Desungnoen,11,0,0,11
S Dhaniram,0,1,0,1
S Dhawan,122,4,0,126
S Draunivudi,1,0,0,1
S Dube,46,1,0,47
S Elayaperumal,0,1,0,1
S Fanning,2,0,0,2
S Foster,5,2,0,7
S Franklin,1,0,0,1
S Gani,8,0,0,8
S Gasteratos,2,2,0,4
S Ghadigaonkar,5,0,1,6
S Gill,1,1,0,2
S Godara,7,0,0,7
S Gooch,5,1,0,6
S Gopal,11,2,0,13
S Grover,9,1,0,10
S Habib Gandhi,1,0,0,1
S Hook,11,3,0,14
S Houghton,3,1,0,4
S Ivetic,12,0,0,12
S Jamil,6,4,0,10
S Jele,1,0,0,1
S Jora,15,1,0,16
S Joseph,4,2,0,6
S Kamate,1,0,0,1
S Karthik,5,1,2,8
S Kaul,11,3,0,14
S Kimura,1,1,0,2
S Konstas,2,0,0,2
S Koppolu,2,0,0,2
S Kushretha,2,3,0,5
S Ladda,1,2,0,3
S Lamichhane,26,6,0,32
S Loday,2,1,0,3
S Maduranga,0,1,0,1
S Mahmood,5,1,0,6
S Mathur,1,0,0,1
S Matsikenyeri,2,0,0,2
S Mba,4,0,0,4
S McGiffin,1,0,0,1
S Midhun,4,0,0,4
S Milenko,12,0,0,12
S Movva,26,6,4,36
S Muniandy,43,5,0,48
S Murari,0,1,0,1
S Muthusamy,9,1,0,10
S Nadeem,14,6,0,20
S Nadigotla,28,8,5,41
S Narwal,1,1,0,2
S Natsagdorj,1,0,0,1
S Navaratne,4,1,0,5
S Norman,1,0,0,1
S Nsubuga,3,1,0,4
S Periyalwar,5,2,0,7
S Pillai,3,0,0,3
S Pitabeddara,2,0,0,2
S Pradhan,4,0,0,4
S Prasanna,5,1,0,6
S Qeshile,3,0,0,3
S Ramakrishnan,1,0,0,1
S Rana,3,0,0,3
S Randiv,2,3,0,5
S Ravichandran,18,4,0,22
S Ravikumar,2,0,0,2
S Ravoka,3,2,0,5
S Rossi,5,0,0,5
S Rukmal,3,0,0,3
S Rungrueang,9,0,0,9
S Saeed,2,0,0,2
S Samal,2,0,0,2
S Samarawickrama,8,0,2,10
S Sanandia,3,1,0,4
S Sandeep Warrier,5,1,0,6
S Sankar,4,1,2,7
S Santhirakumaran,1,0,0,1
S Sarthak,1,1,0,2
S Sesazi,19,5,0,24
S Shillingford,4,0,0,4
S Shrivastava,1,1,0,2
S Simpson,1,0,0,1
S Singh,25,3,8,36
S Siriotis,3,0,0,3
S Smith,9,5,5,19
S Snater,2,0,0,2
S Sohal,3,0,0,3
S Sola,2,0,0,2
S Sreesanth,5,1,0,6
S Srikanth,1,0,0,1
S Stanikzay,2,0,0,2
S Stolk,1,0,0,1
S Tabuisulu,3,0,0,3
S Thakor,13,3,0,16
S Thanikaithasan,9,2,0,11
S Tobgay,1,0,0,1
S Tosic,2,0,0,2
S Tyagi,4,0,0,4
S Udhayan,2,0,0,2
S Vashisht,15,2,0,17
S Vasilakis,1,0,0,1
S Vaz,3,0,0,3
S Veerapathiran,18,4,0,22
S Vesawkar,8,0,0,8
S Vidyut,1,0,0,1
S Vijay Unni,11,4,0,15
S Waqas Ahmed,1,0,0,1
S Weleilakeba,2,0,0,2
S Wickramasekara,6,4,0,10
S Williams,1,0,0,1
S Yeshi,3,0,0,3
S di Bartolomeo,4,0,0,4
SA Abbott,73,12,0,85
SA Ahmad,7,2,0,9
SA Asnodkar,6,2,0,8
SA Edwards,73,7,9,89
SA Engelbrecht,9,0,0,9
SA Jacobs,5,0,0,5
SA Jumbe,11,2,0,13
SA Mohandas,5,1,0,6
SA Okpe,14,10,0,24
SA Wijeratne,11,2,4,17
SA Yadav,160,6,0,166
SB Bangar,2,2,0,4
SB Dubey,3,1,0,4
SB Harper,55,5,10,70
SB Jakati,24,4,0,28
SB Kurkalang,1,0,0,1
SB Patel,5,0,0,5
SB Styris,11,5,0,16
SB Wagh,4,3,0,7
SC Ganguly,22,1,0,23
SC Getkate,8,1,0,9
SC Kuggeleijn,16,0,0,16
SC Meaker,1,0,0,1
SC Williams,31,14,0,45
SC van Schalkwyk,4,0,0,4
SCG MacGill,1,0,0,1
SCJ Broad,20,0,0,20
SD Chitnis,2,0,0,2
SD Heazlett,24,1,0,25
SD Hope,55,12,8,75
SD Lad,18,0,0,18
SD Parris,1,0,0,1
SD Parry,7,1,0,8
SD Valjalo,0,1,0,1
SE Aquilina,1,0,0,1
SE Bond,4,0,0,4
SE Findlay,1,1,0,2
SE Gotch,18,0,8,26
SE Marsh,51,6,0,57
SE Rutherford,48,3,0,51
SF Khan,4,0,0,4
SF Mire,2,0,0,2
SF Nhavotso,2,0,0,2
SF Tiai,0,2,0,2
SFS Cheema,1,0,0,1
SG Borthwick,1,0,0,1
SG Mangela,2,0,0,2
SH Johnson,7,2,0,9
SH Obed,6,1,0,7
SH Venugopal,4,0,0,4
SHT Kandamby,2,0,0,2
SI Kamea,5,3,0,8
SI Mahmood,1,0,0,1
SI de Saram,1,0,0,1
SJ Baard,15,0,0,15
SJ Benn,19,0,0,19
SJ Coyte,5,0,0,5
SJ Erwee,1,0,0,1
SJ Harmison,1,0,0,1
SJ Modani,1,0,0,1
SJ Myburgh,14,1,0,15
SJ Patel,5,0,0,5
SJ Srivastava,2,0,0,2
SJC Keen,3,0,0,3
SJS Smith,0,0,1,1
SK Atai,5,1,0,6
SK Awiah,8,4,0,12
SK Gharami,1,0,0,1
SK Ismail,1,0,0,1
SK Patel,10,1,3,14
SK Raina,160,22,0,182
SK Rasheed,6,0,0,6
SK Springer,10,0,0,10
SK Trivedi,12,4,0,16
SK Warne,13,3,0,16
SKR Mallidi,3,0,0,3
SKS Gill,7,2,0,9
SL Malinga,33,17,0,50
SL Perera,1,0,0,1
SL Rainbird,8,1,0,9
SL Verma,6,3,0,9
SM Boland,5,2,0,7
SM Curran,59,6,0,65
SM Davies,2,0,1,3
SM Dhakal,1,0,0,1
SM Fallah,1,0,0,1
SM Gugale,4,1,0,5
SM Harwood,2,2,0,4
SM Katich,13,3,0,16
SM Kazi,4,0,0,4
SM Nash,1,0,0,1
SM Patidar,1,0,0,1
SM Pollock,4,1,0,5
SM Rohilla,4,0,0,4
SM Sharif,15,7,0,22
SM Sharma,1,0,0,1
SM Warnakulasuriya,4,0,0,4
SM Whiteman,24,10,6,40
SMK Waththage,2,0,0,2
SMSM Senanayake,7,2,0,9
SN Khan,27,3,0,30
SN Mandal,1,0,0,1
SN Netravalkar,8,0,0,8
SN Patel,2,0,0,2
SN Pathirana,6,3,2,11
SN Thakur,47,3,0,50
SNJ O'Keefe,29,1,0,30
SO Dowrich,6,0,2,8
SO Hetmyer,124,6,0,130
SO Ngoche,23,5,0,28
SO Olayinka,1,0,0,1
SO Tikolo,3,0,0,3
SP Fleming,4,0,0,4
SP Gomes,7,2,0,9
SP Goswami,37,13,8,58
SP Jackson,35,4,6,45
SP Khakurel,5,4,3,12
SP Krishnamurthi,6,1,0,7
SP Narine,59,11,0,70
SP Patil,8,5,3,16
SP Terry,2,0,0,2
SPD Smith,128,18,0,146
SR Bhudia,19,1,0,20
SR Clark,4,1,0,5
SR Hain,4,0,0,4
SR Harmer,13,1,0,14
SR Mohan,3,3,4,10
SR Mukkamalla,6,1,0,7
SR Patel,19,0,0,19
SR Rocket,0,1,0,1
SR Swain,2,1,0,3
SR Taylor,13,4,0,17
SR Tendulkar,24,3,0,27
SR Thompson,18,0,0,18
SR Watson,83,15,0,98
SRMJJ Arachchilage,1,0,0,1
SS Agarwal,1,0,0,1
SS Bandekar,1,1,0,2
SS Bandiwar,1,0,0,1
SS Cottrell,46,2,0,48
SS Dubhashi,1,0,0,1
SS Eskinazi,9,0,0,9
SS Ghosh,2,1,0,3
SS Iyer,90,11,0,101
SS Kang,4,0,0,4
SS Majumder,3,1,0,4
SS McKechnie,14,3,9,26
SS Mundhe,7,3,0,10
SS Prabhudessai,31,4,0,35
SS Shaikh,2,0,0,2
SS Sharma,4,0,0,4
SS Shinde,1,0,0,1
SS Tiwary,36,7,0,43
SSB Magala,3,0,0,3
SSJ Brooks,41,2,0,43
SSK Bal,2,1,0,3
SSM Stanislaus,7,2,0,9
ST Doheny,2,1,0,3
ST Finn,6,2,0,8
ST Gabriel,3,0,0,3
ST Jayasuriya,7,7,0,14
ST Suwalka,1,0,0,1
STR Binny,26,6,0,32
STRA de Silva,4,0,0,4
SU Shrivastava,3,2,0,5
SV Samson,125,30,25,180
SVE Bharathi,11,4,0,15
SW Billings,106,11,10,127
SW Masakadza,2,1,0,3
SW Poynter,13,0,2,15
SW Tait,9,3,0,12
SZ Mulani,10,1,0,11
SZ Vayani,1,0,0,1
Saad Baig,0,1,0,1
Saad Bin Zafar,20,3,0,23
Saad Khan,2,0,0,2
Saad Masood,1,0,0,1
Saad Nasim,4,0,0,4
Saahil Jain,3,0,0,3
Sabbir Rahman,31,5,0,36
Saber Zakhil,12,1,0,13
Sachidanand Pandey,4,0,0,4
Sachin Baby,21,4,0,25
Sachin Kumar,3,0,0,3
Sachin Mandy,16,4,11,31
Saeed Ahmed,2,2,0,4
Saeed Ajmal,13,8,0,21
Saeed Waqar Ali,3,0,0,3
Sagar Pun,2,2,0,4
Sagar Trivedi,2,1,0,3
Sagar Udeshi,5,1,0,6
Saghar Manzoor,1,0,0,1
Saghir Khan,1,0,0,1
Sagun Kamat,3,0,0,3
Sahban Khan,0,1,0,1
Sahel Zadran,8,3,0,11
Sahibzada Farhan,18,4,2,24
Sahil Chauhan,4,0,0,4
Sahir Naqash,11,4,0,15
Said Hakim,1,0,0,1
Saidingliana Sailo,1,0,0,1
Saif Badar,1,0,0,1
Saif Hassan,1,0,0,1
Saif Ullah Malik,1,0,0,1
Saif-Ul Islam,1,0,0,1
Saifullah Bangash,2,0,0,2
Saim Ayub,39,3,0,42
Saim Hussain,8,5,1,14
Sairaj Patil,1,0,0,1
Sajad Ahmadzai,0,1,0,1
Sajedul Islam,1,0,0,1
Sajid Cheema,2,0,0,2
Sajid Khan Afridi,2,0,0,2
Sajid Liaqat,0,4,0,4
Sajjad Ali,1,0,0,1
Sakib Hussain,0,1,0,1
Salman Butt,4,0,0,4
Salman Fayyaz,1,0,0,1
Salman Irshad,4,1,0,5
Salman Mirza,2,0,0,2
Salman Nazar,3,1,0,4
Salman Nizar,7,0,0,7
Salvin Stanly,8,0,0,8
Samader Shadab,1,1,0,2
Samar Quadri,1,1,0,2
Samarth Seth,2,0,0,2
Samarth Singh,7,0,0,7
Samarth Vyas,8,3,0,11
Sameen Gul,4,0,0,4
Sameer Choudhary,1,3,0,4
Sameer Patel,3,1,0,4
Sameer Rizvi,7,0,0,7
Sami Sohail,7,3,0,10
Sami Ullah,1,0,0,1
Samiallah Khalil,1,0,0,1
Samiullah Rahmani,4,0,0,4
Sana Ullah,3,0,0,3
Sandeep Goud,16,2,0,18
Sandeep Pattnaik,4,1,0,5
Sandeep Sharma,22,11,0,33
Sanjay Raghunath,1,0,0,1
Sankar Paul,0,1,0,1
Santiago Duggan,1,2,0,3
Santiago Iturbe,14,6,1,21
Sanvir Singh,11,1,0,12
Saqib Zulfiqar,1,0,0,1
Saqlain Ali,1,0,0,1
Saqlain Arshad,3,0,0,3
Saqlain Haider,4,1,0,5
Saran Aslam,0,1,0,1
Sarang Rawat,2,0,0,2
Saransh Jain,0,1,0,1
Sarawut Maliwan,9,1,0,10
Sarbeswar Mohanty,3,0,0,3
Sareer Shah,3,0,0,3
Sarfaraz Ali,5,1,0,6
Sarfraz Ahmed,80,11,23,114
Sarfraz Butt,2,3,3,8
Sarthak Ranjan,2,0,0,2
Satender Thakran,1,0,0,1
Sathya Narayanan,6,1,0,7
Satish Jangir,1,0,0,1
Satyajeet Bachhav,8,1,0,9
Saud Islam,5,0,0,5
Saud Munir,3,0,0,3
Saud Shakeel,6,0,0,6
Saurabh Das,3,2,0,5
Saurabh Dubey,2,0,0,2
Saurabh Kumar,7,1,0,8
Saurabh Rawat,9,2,6,17
Saurabh Wakaskar,1,0,0,1
Saurav Chauhan,5,1,0,6
Sayan Ghosh,6,1,0,7
Sayan Mondal,1,1,0,2
Sayed Monib,13,2,0,15
Sazib Bhuiyan,4,3,0,7
Sazzad Hosen,1,0,0,1
Sedezhalie Rupero,2,0,0,2
Sediqullah Atal,1,0,0,1
Seetharam Guruvayoorappan,0,0,2,2
Selim Salau,4,2,0,6
Shadab Khan,80,13,0,93
Shadnan Khan,1,0,0,1
Shafiq Sharif,2,0,3,5
Shafiul Islam,1,1,0,2
Shafraz Jaleel,1,0,2,3
Shagharai Sefat,2,0,0,2
Shah Abrar Hussain,3,0,0,3
Shahab Alam,2,1,0,3
Shahbaz Ahmed,32,3,0,35
Shahbaz Badar,7,1,2,10
Shaheen Shah Afridi,41,4,0,45
Shaheryar Butt,16,3,0,19
Shahid Afridi,50,10,0,60
Shahid Arshad,10,0,0,10
Shahid Aziz,0,2,0,2
Shahid Mahmood,6,0,0,6
Shahid Wasif,13,2,0,15
Shahid Yousuf,2,0,0,2
Shahil Momin,6,2,0,8
Shahnawaz Dhani,10,1,0,11
Shahrukh Quddus,0,1,0,1
Shahzaib,1,1,0,2
Shahzaib Hasan,4,0,0,4
Shahzaib Jamil,4,5,1,10
Shahzeb Choudhry,3,0,0,3
Shaik Basha,2,0,0,2
Shaiman Anwar,10,1,0,11
Shakeeb Ahmed,3,0,0,3
Shakeel Ahmed,4,0,0,4
Shakeel Ansar,1,1,1,3
Shakeel Zeb,1,0,0,1
Shakib Al Hasan,64,19,0,83
Shamim Hossain,10,0,0,10
Shamsullah Ehsan,2,0,0,2
Shamsur Rahman,2,0,0,2
Shan Masood,40,5,0,45
Shantanu Kaveri,4,0,0,4
Shanu Saini,2,0,0,2
Shaof Hassan,1,0,0,1
Sharad Lumba,4,5,0,9
Shariz Ahmad,1,0,0,1
Sharjeel Khan,14,0,0,14
Shashank Chandrakar,15,1,4,20
Shashank Singh,19,1,0,20
Shasheem Rathour,3,0,0,3
Shashikant Laxman,6,1,0,7
Shashwat Kohli,1,0,0,1
Shashwat Rawat,1,0,0,1
Shayan Jahangir,5,1,3,9
Shehzad Patel,1,0,0,1
Sheikh Rasik,6,2,0,8
Sher Sahak,9,1,0,10
Sheraz Sheikh,9,5,0,14
Sheraz Sirwari,1,0,0,1
Sherul Mehta,2,1,0,3
Shiraz Khan,13,1,0,14
Shiva Chauhan,2,0,0,2
Shiva Singh,6,3,0,9
Shivam Bhambri,8,0,0,8
Shivam Chaudhary,7,0,0,7
Shivam Chauhan,7,3,0,10
Shivam Khurana,5,2,1,8
Shivam Mavi,22,1,0,23
Shivam Sharma,6,2,0,8
Shivam Singh,2,0,0,2
Shivank Vashisth,3,0,0,3
Shivendra Singh,6,2,0,8
Shoaib Ahmed,4,0,0,4
Shoaib Akhtar,2,1,0,3
Shoaib Khan,12,1,0,13
Shoaib Malik,111,5,0,116
Shoaib Mohammed Khan,1,0,0,1
Shoaib Rafiq,4,1,0,5
Shoriful Islam,9,5,0,14
Shreshth Nirmohi,3,0,0,3
Shubham Arora,3,0,0,3
Shubham Chaubey,6,2,0,8
Shubham Desai,3,0,0,3
Shubham Khajuria,8,0,0,8
Shubham Kumar Singh,1,0,0,1
Shubham Pundir,8,1,0,9
Shubham Ranjane,6,1,0,7
Shubham Sharma,3,0,0,3
Shubham Singh,2,0,0,2
Shubman Gill,55,1,0,56
Shuvagata Hom,2,0,0,2
Sibsankar Roy,7,1,0,8
Siddhesh Wath,5,0,0,5
Sidhant Singh,2,0,0,2
Sikandar Raza,59,12,0,71
Sikander Zulfiqar,4,0,0,4
Sikder Billah,1,0,0,1
Simandeep Singh,4,0,0,4
Simarjeet Singh,5,1,0,6
Simi Singh,11,2,0,13
Simon Shalders,1,0,0,1
Sinan Khadir,2,0,0,2
Sirajullah Khadim,2,1,0,3
Sirla Srinivas,2,0,0,2
Sivakumar,1,0,0,1
Snehal Kauthankar,5,0,0,5
Soaeb Tai,3,1,0,4
Sobu George,1,0,0,1
Sohag Gazi,3,0,0,3
Sohaib Maqsood,18,1,0,19
Sohail Ahmad,3,0,0,3
Sohail Ahmed,13,6,0,19
Sohail Akhtar,16,0,0,16
Sohail Khan,3,1,0,4
Sohail Tanvir,27,7,0,34
Sohel Ebrahim Desai,2,3,3,8
Sohel Patel,2,0,0,2
Sohraab Dhaliwal,7,2,0,9
Sompal Kami,23,6,0,29
Song Tacho,1,0,0,1
Sonu Yadav,2,2,0,4
Soochan Park,1,0,0,1
Soumya Sarkar,52,6,0,58
Sourabh Majumdar,1,0,0,1
Subhransu Senapati,13,3,0,16
Suboth Bhati,5,2,0,7
Subramanian Anand,6,0,0,6
Sudip Chatterjee,9,1,0,10
Sufiyan Muqeem,3,0,0,3
Sufyan Mehmood,5,0,0,5
Suheh Hussain,2,0,0,2
Sujit Nayak,4,0,0,4
Sukesh Heera,1,0,0,1
Sukhjinder Singh,2,1,0,3
Sukhkaran Sahi,1,0,0,1
Sulaiman Ali,4,0,0,4
Sulaimon Runsewe,37,11,2,50
Sultan Ahmed,23,2,4,29
Sultan Karim,1,0,0,1
Suman Ghimire,4,2,1,7
Sumanta Gupta,2,0,0,2
Sumit Kumar,21,8,0,29
Sumit Lama,4,1,0,5
Sumit Ruikar,12,2,0,14
Sumit Singh,4,0,0,4
Sunil Yadav,2,0,0,2
Sunny Rana,3,0,0,3
Sunny Singh,1,0,0,1
Supriyo Chakraborty,1,1,0,2
Suraj Ahuja,1,0,2,3
Suraj Kashyap,1,0,0,1
Suraj Kumar,10,0,1,11
Suresh Kumar,2,0,0,2
Surya Anand,5,1,0,6
Suryakant Pradhan,3,3,0,6
Suryansh Raina,3,0,2,5
Suryansh Shedge,2,2,0,4
Suyash Sharma,2,1,0,3
Swann Htet Ko Ko,5,1,2,8
Swapnil Singh,14,1,0,15
Swarajeet Das,0,2,0,2
Swarupam Purkayastha,1,1,0,2
Swastik Samal,1,0,0,1
Syazrul Idrus,3,1,0,4
Syed Ali Gillani,2,0,0,2
Syed Aziz,23,8,6,37
Syed Faizan Tahir,2,2,0,4
Syed Haider,12,2,2,16
Syed Naqvi,2,0,0,2
Syed Rasel,1,0,0,1
Syed Rehmatullah,1,2,0,3
Syed Tameem,1,0,0,1
T Amarmend,1,0,0,1
T Banton,23,0,0,23
T Bavuma,20,7,0,27
T Bharaj,19,5,2,26
T Gwandu,2,0,0,2
T Hewa,2,0,0,2
T Hinds,1,0,0,1
T Horpinitch,2,0,0,2
T Jamtsho,10,0,0,10
T Kahamker,1,0,0,1
T Kaisala,0,1,1,2
T Kelly,12,4,0,16
T Kohler-Cadmore,17,1,0,18
T Kohli,12,0,0,12
T Lungameni,9,1,0,10
T Luus,0,1,0,1
T Manders,12,3,0,15
T Martin,3,0,0,3
T Maruma,4,0,0,4
T Marumani,14,2,2,18
T Mishra,4,1,0,5
T Misi,0,1,0,1
T Munyonga,7,2,0,9
T Mupariwa,0,1,0,1
T Murphy,8,1,0,9
T Musekiwa,5,0,0,5
T Muzarabani,1,1,0,2
T Natarajan,19,4,0,23
T Nightingale,16,3,0,19
T Panyangara,4,0,0,4
T Parima,7,0,0,7
T Perera,11,2,0,13
T Pradeep,2,1,0,3
T Rajiv,0,1,0,1
T Ritawa,3,0,0,3
T Rossi,3,1,0,4
T Salathia,1,0,0,1
T Sandeep,5,2,0,7
T Sangha,12,2,0,14
T Shamsi,18,3,0,21
T Stubbs,73,3,4,80
T Sumiya,1,0,0,1
T Suri,8,2,2,12
T Taibu,5,2,1,8
T Tatar,1,0,0,1
T Taylor,4,0,0,4
T Thushara,5,1,0,6
T Tshose,14,3,0,17
T Tumursukh,1,0,0,1
T Vanuarua,5,0,0,5
T Vijay,3,0,0,3
T Wangchuk,13,3,0,16
T Webster,13,1,0,14
T Whiteman,2,0,0,2
T Wuatai,1,0,0,1
T Yotharat,1,1,0,2
T Zotos,1,0,0,1
T de Zorzi,1,0,0,1
T van der Gugten,13,5,0,18
TA Blundell,3,0,0,3
TA Boult,61,4,0,65
TA Griffith,4,0,0,4
TA Lammonby,3,0,0,3
TA Willett,2,0,0,2
TAM Siriwardana,6,0,0,6
TB Abell,9,1,0,10
TB Robinson,5,0,0,5
TB Sole,4,0,0,4
TB de Bruyn,3,0,0,3
TC Barker,15,2,0,17
TC Bruce,15,0,0,15
TD Andrews,2,0,0,2
TD Astle,3,0,0,3
TD Chaoana,2,2,0,4
TD Paine,39,5,10,54
TE Kane,1,0,0,1
TF Rogers,18,1,0,19
TG Southee,85,8,0,93
TG Thamae,2,1,0,3
TGJ Gruijters,4,0,0,4
TH David,127,10,0,137
TIF Triffitt,22,5,1,28
TJ Armstrong,1,0,0,1
TJ Draca,2,0,0,2
TJ Moores,1,0,1,2
TJ Murtagh,3,2,0,5
TJG Pringle,9,0,0,9
TK Curran,21,1,0,22
TK Joseph,16,7,4,27
TK Lal,0,1,0,1
TK Musakanda,7,0,0,7
TKP Rajapaksha,0,1,0,1
TL Best,1,1,0,2
TL Chatara,9,6,0,15
TL Chivanga,1,0,0,1
TL Cutler,0,1,0,1
TL Lawford,1,2,0,3
TL O'Connell,7,1,0,8
TL Seifert,73,10,17,100
TL Suman,10,5,0,15
TLW Cooper,63,2,0,65
TM Beaton,2,0,0,2
TM Dilshan,56,15,1,72
TM Head,32,1,0,33
TM Macalou,1,1,0,2
TM Odoyo,3,0,0,3
TM Srivastava,2,2,0,4
TN de Grooth,3,0,0,3
TO Carmichael,1,1,0,2
TO Thilappan,2,0,0,2
TP Allen,5,0,0,5
TP Alsop,3,0,1,4
TP Doropoulos,1,0,0,1
TP Kaber,1,0,0,1
TP Ludeman,28,6,4,38
TP Ura,23,1,0,24
TP Visee,5,1,0,6
TR Ambrose,1,1,1,3
TR Birt,12,1,0,13
TS Braat,1,0,0,1
TS Chisoro,1,0,0,1
TS Fray,10,0,0,10
TS Kamunhukamwe,2,0,0,2
TS Mills,9,6,0,15
TS Rogers,14,4,0,18
TS Waqavakatoga,3,0,0,3
TSS Mackintosh,2,1,0,3
TT Bresnan,14,1,0,15
TT Sawkar,1,0,0,1
TU Deshpande,14,1,0,15
TV Valivarthi,5,1,0,6
TW Dlamini,1,0,0,1
TW Gray,3,0,0,3
TWM Latham,15,4,4,23
Tafseer Ali,1,0,0,1
Tahmeed Rahman,0,1,0,1
Tajinder Singh,5,1,0,6
Talha Khan,5,1,0,6
Tamim Iqbal,22,1,0,23
Tamoor Sajjad,5,0,0,5
Tana Davit,2,0,0,2
Tanay Thyagarajan,10,2,0,12
Tanmay Agarwal,18,2,0,20
Tanush Kotian,4,2,0,6
Tanveer Ahmed,1,0,0,1
Tanveer Ul-Haq,1,0,0,1
Tanvir Islam,1,0,0,1
Tanwir Afzal,3,1,0,4
Tanzeel Sheikh,3,0,0,3
Tanzid Hasan,12,0,0,12
Tanzim Hasan Sakib,11,0,0,11
Tarang Gohel,2,1,0,3
Tarani Sa,1,0,0,1
Taranjeet Singh,14,1,0,15
Taranjit Singh,6,1,0,7
Tarun Sharma,5,0,0,5
Tashi Phuntsho,1,0,0,1
Taskin Ahmed,8,2,0,10
Tauqeer Hussain,2,0,0,2
Tayyab Tahir,13,3,0,16
Techi Doria,7,3,0,10
Techi Neri,3,0,0,3
Techi Sonam,0,0,2,2
Tejas Patel,1,1,0,2
Tejwinder Singh,2,1,0,3
Temjentoshi Jamir,2,1,0,3
Tenjin Rabgey,9,3,0,12
Thomas Moirangthem,2,0,0,2
Thuya Aung,2,2,1,5
Tian Sen Qun,0,1,0,1
Tilak Varma,56,6,0,62
Toqeer Ahmad,1,0,0,1
Towhid Hridoy,11,2,0,13
Treyaksh Bali,1,0,0,1
Tshering Tashi,9,3,3,15
Tukuna Sahoo,2,1,0,3
U Aryaman Sunil,7,0,0,7
U Kaul,5,3,1,9
U Shahid,3,1,0,4
U Shantu,1,1,0,2
U U Bose,5,2,0,7
UA Birla,1,0,0,1
UBT Chand,23,1,0,24
UKPW Kumaranayaka,2,0,0,2
UNGB Thenannahelage,2,4,4,10
UR Patel,4,0,0,4
US Hathinjar,13,4,2,19
UT Khawaja,25,1,0,26
UT Yadav,43,6,0,49
Ubaid Minhas,1,0,0,1
Ubaid Shah,1,0,0,1
Umaid Asif,9,7,0,16
Umair Masood,1,0,0,1
Umair Qasim,4,1,0,5
Umair Sharif,2,0,0,2
Umair Tariq,10,5,0,15
Umang Sharma,3,0,0,3
Umar Adam,11,2,0,13
Umar Akmal,91,11,8,110
Umar Alam,1,0,0,1
Umar Amin,15,0,0,15
Umar Gul,17,6,0,23
Umar Nawaz,3,1,0,4
Umar Nazir,1,0,0,1
Umar Siddiq,4,0,1,5
Umer Imtiaz,15,4,3,22
Umer Khan,3,0,0,3
Umran Malik,7,2,0,9
Unnikrishnan Manukrishnan,6,0,0,6
Upendra Yadav,17,2,9,28
Urvil Patel,24,2,3,29
Usama Mir,18,1,0,19
Usman Arif,4,1,0,5
Usman Khalid,10,1,0,11
Usman Khan,30,7,3,40
Usman Najeeb,6,2,0,8
Usman Patel,23,24,15,62
Usman Qadir,8,1,0,9
Usman Shinwari,5,1,0,6
Utkarsh Jain,5,0,0,5
Utkarsh Singh,5,0,0,5
Uvais Ahmad,1,0,0,1
Uzair Amir,2,0,0,2
V Aravind,21,2,5,28
V Aritharan,2,0,0,2
V Athisayaraj Davidson,4,0,0,4
V Balakrishnan,12,0,0,12
V Baskaran,6,0,0,6
V Cheluvaraj,3,0,0,3
V Ganesan,21,3,0,24
V Hampihallikar,1,0,0,1
V Hirlal,0,0,1,1
V Hristov,4,0,0,4
V Jagannivasan,2,0,0,2
V Jayant,0,1,0,1
V Khanduri,1,1,0,2
V Kohli,180,24,0,204
V M Jivrajani,1,0,0,1
V Marghashayam,4,0,0,4
V Mbazo,10,5,10,25
V Nigam,3,2,0,5
V Permaul,16,2,0,18
V Puthur,1,0,0,1
V Ravindran,12,1,1,14
V Saini,22,6,0,28
V Sehwag,36,10,0,46
V Shankar,54,7,0,61
V Shaw,1,1,0,2
V Shetty,2,0,0,2
V Shukla,1,2,1,4
V Sibanda,11,3,0,14
V Sukumaran,3,0,0,3
V Vijh,2,2,0,4
V Vishal,2,1,0,3
V Viyaskanth,2,0,0,2
V Zanko,2,0,0,2
V Zimonjic,8,5,0,13
VA Jagadeesh,3,0,0,3
VB Chikkannaiah,3,1,0,4
VC Ahir,1,0,0,1
VD Adewoye,7,2,0,9
VD Philander,1,1,0,2
VE Tembo,1,0,0,1
VG Arora,13,2,0,15
VH Zol,1,1,0,2
VJ Kingma,4,0,0,4
VK Saha,0,1,0,1
VK Singh,1,0,0,1
VM Nyauchi,1,0,0,1
VM Vaghela,2,1,0,3
VP Thamotharam,13,3,0,16
VR Aaron,11,3,0,14
VR Iyer,37,4,0,41
VRB Arachchige,1,0,0,1
VRV Singh,3,0,0,3
VS Malik,2,0,0,2
VS Padhaal,5,1,0,6
VS Solanki,3,1,0,4
VV Gite,1,1,0,2
VVS Laxman,4,1,0,5
VY Mahesh,6,0,0,6
Vaibhav Govekar,1,0,0,1
Vaibhav Singh Panwar,3,0,0,3
Vaisakh Chandran,1,0,0,1
Varun Choudhary,3,0,0,3
Varun Sood,1,0,0,1
Vasuki Koushik,4,0,0,4
Vichanath Singh,4,1,0,5
Vidyadhar Patil,3,1,0,4
Vijay Jethi,1,0,0,1
Vijay Rao,1,0,0,1
Vijay Sharma,5,3,0,8
Vijaykumar Vyshak,6,1,0,7
Vijesh Prabhudessai,2,0,0,2
Vikas Hathwala,5,4,0,9
Vikas Mishra,1,0,0,1
Vikas Yadav,6,0,0,6
Vikash Kumar,2,1,0,3
Vikash Singh,7,2,0,9
Vikash Yadav,7,0,3,10
Vikramjit Singh,11,0,0,11
Vikrant Rajput,1,1,0,2
Vimal Kumar,1,0,0,1
Vinay Iyer,1,0,0,1
Vinay Ravi,11,4,0,15
Vinod Kumar,1,0,0,1
Vinoop Manoharan,6,0,0,6
Vipin Dhaka,2,0,0,2
Virandeep Singh,39,7,4,50
Virat Singh,13,0,0,13
Virendra Kumar,0,1,0,1
Virk Ali,1,1,0,2
Vishal Das,1,0,0,1
Vishal Jayswal,1,0,0,1
Vishal Kushwah,11,0,0,11
Vishal Sharma,5,0,0,5
Vishaul Singh,2,0,0,2
Vishil Patel,2,0,0,2
Vishnu Solanki,22,11,4,37
Vishnu Vinod,10,1,2,13
Vishvaraj Jadeja,13,1,0,14
Vivek Kumar,2,1,0,3
Vivek Singh,22,1,0,23
Vivekanand Tiwari,3,0,0,3
Vivrant Sharma,1,0,0,1
Vraj Patel,10,2,0,12
W Barresi,32,6,1,39
W Behr,4,1,0,5
W Boshoff,8,5,6,19
W Jackson,2,0,0,2
W Jaffer,4,1,0,5
W Kokaua,0,1,0,1
W Madhevere,28,3,0,31
W Miyauchi,11,4,9,24
W Nalisa,6,2,0,8
W Niyitanga,10,1,0,11
W O'Rourke,2,0,0,2
W Parker,1,0,0,1
W Peatfield,1,0,0,1
W Prestwidge,1,0,0,1
W Sutherland,27,3,0,30
W Uisuk,1,0,0,1
W Viraliliu,1,0,0,1
W Wotu,4,2,0,6
WA Agar,12,3,0,15
WA Mota,5,1,0,6
WA Simpson,2,0,0,2
WA Young,6,0,0,6
WAE Burton,10,3,1,14
WB Marshall,1,0,0,1
WB Rankin,12,2,0,14
WCF Smeed,7,0,0,7
WD Parnell,29,4,0,33
WD Sheridan,7,1,0,8
WER Somerville,2,0,0,2
WG Bosisto,3,0,0,3
WG Jacks,36,1,0,37
WIA Fernando,12,0,0,12
WJ Cope,6,4,0,10
WJ Lubbe,9,1,0,10
WJ Malinda,10,1,0,11
WK Bitis,2,0,0,2
WK McCallan,2,1,0,3
WKD Perkins,7,0,0,7
WL Madsen,6,0,0,6
WP Masakadza,31,3,0,34
WP Saha,102,23,30,155
WPUJC Vaas,0,1,0,1
WSLK Narayana,1,0,0,1
WT Gavera,1,0,0,1
WT Mashinge,2,0,0,2
WTS Porterfield,23,5,0,28
WU Tharanga,2,1,0,3
WW Hinds,1,0,0,1
Wahab Riaz,33,2,0,35
Waheed Ahmed,1,0,0,1
Wahidullah Sahak,13,3,0,16
Waji Ul Hassan,10,0,0,10
Waleed Waqar,1,0,0,1
Walid Ghauri,11,4,0,15
Wang Liuyang,0,0,3,3
Wang Qi,0,1,0,1
Waqar Abbasi,1,0,0,1
Waqar Khan,4,0,0,4
Waqar Salamkheil,1,1,0,2
Waqar Ul Hassan,2,0,0,2
Waqar Zalmai,2,0,0,2
Waqas Ahmad,6,4,0,10
Waqas Ali,1,1,0,2
Waqas Barkat,13,0,0,13
Waqas Haider,2,0,0,2
Waqas Khan,1,0,0,1
Waqas Maqsood,4,2,0,6
Waseem Muhammad,52,6,0,58
Waseem Raza,3,1,0,4
Waseem Yaqoob,0,3,0,3
Waseeq Ahmed,2,0,0,2
Washeem Abbas,11,4,0,15
Washington Sundar,37,2,0,39
Wasim Ali,2,0,0,2
Wasiqur Rahman,7,1,2,10
Wei Guo Lei,1,0,0,1
Writtick Chatterjee,7,0,0,7
X Thalaivan Sargunam,3,1,0,4
XA Crone,0,1,0,1
XC Bartlett,28,1,0,29
XJ Doherty,6,2,0,8
XM Marshall,6,0,0,6
XSD Smith,0,1,0,1
Y Gnaneswara Rao,2,0,0,2
Y Jalloh,4,1,0,5
Y Nagar,10,5,0,15
Y Naing Tun,4,0,1,5
Y Saranonnakkun,10,4,0,14
Y Venugopal Rao,13,3,0,16
YB Kothari,3,0,0,3
YBK Jaiswal,50,3,0,53
YI Kachhalia,3,0,0,3
YJC Altamirano,1,0,0,1
YK Pathan,61,11,0,72
YM Nkanya,9,0,0,9
YP Dayal,1,0,0,1
YR Sharma,5,1,0,6
YS Chahal,50,7,0,57
YS Samra,2,0,0,2
YSD Seneveratne,6,0,0,6
YV Dhull,4,1,0,5
YV Takawale,14,6,4,24
YY Singh,0,1,0,1
YYM Jakda,1,0,0,1
Yadwinder Singh,1,0,0,1
Yair Nagavkar,3,0,0,3
Yasar Haroon,3,0,0,3
Yash Dayal,8,2,0,10
Yash Nahar,3,1,0,4
Yash Singh,1,1,0,2
Yash Thakur,10,1,0,11
Yashaswi Rishav,1,0,0,1
Yashpal Singh,6,1,0,7
Yasim Murtaza,9,1,0,10
Yasin Patel,25,5,0,30
Yasir Ali,7,3,0,10
Yasir Ali Chowdhury,9,0,0,9
Yasir Arafat,3,2,0,5
Yasir Khan,7,1,0,8
Yasir Mehmood,2,0,0,2
Yasir Mohammad,4,2,0,6
Yasir Shah,11,1,0,12
Yogesh Tiwari,1,1,0,2
Younis Khan,12,1,0,13
Yudhvir Singh,6,1,0,7
Yusuf Bhoola,2,0,0,2
Yusuf Ebrahim,4,1,0,5
Yuvraj Chudasama,1,0,0,1
Yuvraj Singh,46,14,0,60
Yves Cyusa,1,1,0,2
Z Bimenyimana,15,7,0,22
Z Burgess,16,2,0,18
Z Crawley,10,2,0,12
Z Evans,6,0,0,6
Z Groenewald,3,0,0,3
Z Hoque,2,0,0,2
Z Khan,21,6,0,27
Z Shurentsetseg,0,1,0,1
ZB Lion-Cachet,2,1,0,3
ZE Green,62,14,8,84
ZE Matsinhe,3,1,0,4
ZGF Foulkes,1,1,0,2
ZM Tribe,6,0,0,6
ZR Jaboneke,2,1,0,3
ZXM Vukusic,4,0,0,4
Zafar Ali,1,0,0,1
Zafar Gohar,3,1,0,4
Zaheer Ibrahim,1,0,0,1
Zaheer Maqsood,1,0,0,1
Zaheer Zahiri,1,1,0,2
Zahid Abbas,1,0,0,1
Zahid Hussain,1,0,0,1
Zahid Mahmood,0,2,0,2
Zahid Zadran,3,0,0,3
Zahir Khan,5,0,0,5
Zahir Mohammed,9,1,0,10
Zahoor Khan,3,1,0,4
Zahoor Sofi,1,0,0,1
Zaid Soulat,1,0,0,1
Zain Ahmad,5,3,0,8
Zain Ali,1,0,0,1
Zain Asif,1,0,0,1
Zain Ul Abidin,6,5,0,11
Zaker Taqawi,2,0,0,2
Zaki Ul Hassan,4,1,0,5
Zakir Hasan,1,0,0,1
Zaman Khan,10,3,0,13
Zameer Khan,2,1,1,4
Zawar Farid,6,0,0,6
Zeerak Chughtai,0,1,0,1
Zeeshan Ali,22,8,10,40
Zeeshan Ansari,4,1,0,5
Zeeshan Ashraf,7,0,1,8
Zeeshan Goraya,1,0,0,1
Zeeshan Khan,15,4,0,19
Zeeshan Kukikhel,6,2,0,8
Zeeshan Maqsood,14,1,0,15
Zeeshan Zameer,1,0,0,1
Zeshan Arif,1,0,0,1
Zhao Tianle,2,0,0,2
Zhuang Zelin,3,0,0,3
Ziaur Rahman,5,2,0,7
Ziaur Rehman,1,0,0,1
Ziaurahman Shinwari,1,0,0,1
Zishan Shah,2,0,0,2
Zohaib Khan,2,0,0,2
Zohaib Sarwar,2,0,0,2
Zubaidi Zulkifle,24,4,0,28
Zuhaib Zubair,7,0,0,7
Zuhair Muhammad,1,0,0,1
Zulfiqar Babar,7,0,0,7
Zulqarnain Haider,0,0,1,1
